0.002438 0.952401 0.045160
0.963218 0.035509 0.001273
0.000688 0.996195 0.003117
0.198073 0.801287 0.000640
0.939430 0.035163 0.025407
0.362563 0.632979 0.004457
0.036531 0.958257 0.005212
0.755085 0.207256 0.037659
0.814198 0.172215 0.013587
0.038703 0.960306 0.000991
0.000320 0.993820 0.005860
0.003661 0.993475 0.002863
0.004453 0.995066 0.000481
0.742866 0.003296 0.253837
0.145596 0.007189 0.847215
0.933743 0.023965 0.042292
0.654187 0.341942 0.003871
0.002949 0.996816 0.000234
0.972399 0.005117 0.022483
0.048711 0.950227 0.001061
0.011503 0.988412 0.000084
0.008371 0.030678 0.960951
0.671857 0.085097 0.243046
0.117032 0.880899 0.002069
0.071990 0.923867 0.004143
0.052298 0.946695 0.001008
0.005208 0.966539 0.028253
0.275607 0.712469 0.011924
0.964994 0.001651 0.033355
0.246534 0.752656 0.000810
0.016848 0.707071 0.276081
0.022858 0.962006 0.015136
0.712065 0.006906 0.281030
0.921158 0.022581 0.056260
0.975735 0.016520 0.007745
0.933089 0.001512 0.065399
0.981310 0.005404 0.013285
0.001924 0.995077 0.002999
0.893614 0.006684 0.099702
0.016679 0.982575 0.000747
0.075609 0.197046 0.727345
0.936123 0.059690 0.004188
0.000082 0.996707 0.003211
0.942220 0.039039 0.018741
0.603635 0.180541 0.215824
0.782453 0.194950 0.022597
0.127737 0.864304 0.007959
0.946955 0.007616 0.045429
0.123575 0.004017 0.872408
0.006217 0.993578 0.000205
0.031920 0.966299 0.001781
0.353722 0.001704 0.644574
0.000784 0.998715 0.000501
0.033893 0.173229 0.792878
0.126844 0.870190 0.002965
0.944117 0.002977 0.052906
0.007203 0.945877 0.046920
0.934852 0.004667 0.060481
0.012850 0.885571 0.101579
0.774136 0.222573 0.003292
0.053297 0.945997 0.000706
0.485278 0.305217 0.209505
0.961690 0.035328 0.002982
0.012717 0.983805 0.003479
0.087769 0.912090 0.000141
0.001331 0.997969 0.000700
0.005840 0.993030 0.001131
0.985989 0.007026 0.006984
0.379451 0.617793 0.002756
0.907256 0.000645 0.092098
0.988559 0.008585 0.002856
0.971327 0.017439 0.011234
0.985924 0.007419 0.006657
0.000594 0.840221 0.159185
0.629569 0.017085 0.353345
0.002545 0.956379 0.041076
0.020990 0.977557 0.001452
0.944467 0.004784 0.050749
0.423053 0.492661 0.084286
0.000699 0.996084 0.003217
0.880322 0.000366 0.119312
0.010589 0.988504 0.000907
0.966591 0.028082 0.005327
0.035939 0.962906 0.001155
0.059243 0.940498 0.000259
0.001240 0.960818 0.037942
0.970439 0.010949 0.018613
0.018760 0.978401 0.002840
0.091809 0.907000 0.001191
0.020960 0.978498 0.000541
0.036344 0.963358 0.000298
0.089236 0.905430 0.005334
0.001491 0.993853 0.004656
0.000618 0.909295 0.090086
0.886633 0.106502 0.006865
0.279700 0.712015 0.008285
0.256830 0.706106 0.037064
0.991047 0.001872 0.007080
0.014202 0.004240 0.981557
0.603077 0.169139 0.227784
0.562376 0.436057 0.001567
0.002684 0.996755 0.000561
0.930546 0.064563 0.004891
0.036035 0.963143 0.000822
0.000934 0.998045 0.001021
0.096785 0.047699 0.855516
0.038225 0.507732 0.454043
0.016886 0.017687 0.965427
0.000188 0.989563 0.010249
0.000370 0.980897 0.018733
0.940870 0.056749 0.002381
0.895690 0.098244 0.006066
0.874890 0.005784 0.119327
0.033258 0.953154 0.013588
0.229248 0.049470 0.721282
0.725172 0.271536 0.003292
0.005126 0.953079 0.041795
0.030445 0.969369 0.000186
0.008629 0.990340 0.001031
0.006202 0.989765 0.004033
0.965245 0.026421 0.008335
0.776614 0.006504 0.216882
0.941142 0.006139 0.052719
0.556808 0.005616 0.437576
0.329152 0.665992 0.004856
0.002253 0.996385 0.001361
0.268323 0.694478 0.037198
0.005575 0.993712 0.000712
0.090376 0.909382 0.000242
0.809801 0.000474 0.189725
0.030788 0.968141 0.001071
0.065641 0.932240 0.002119
0.055089 0.943946 0.000965
0.053698 0.940693 0.005610
0.068917 0.928144 0.002940
0.014422 0.985396 0.000182
0.684517 0.070069 0.245414
0.019317 0.025941 0.954742
0.942763 0.015798 0.041439
0.958126 0.003980 0.037895
0.026058 0.973110 0.000832
0.008490 0.958724 0.032786
0.004919 0.994985 0.000097
0.971805 0.017928 0.010267
0.799176 0.199109 0.001715
0.406030 0.587731 0.006239
0.000260 0.992430 0.007310
0.885837 0.098920 0.015243
0.857303 0.123599 0.019099
0.874074 0.003014 0.122913
0.000613 0.998914 0.000473
0.698481 0.300212 0.001307
0.000944 0.998044 0.001012
0.319007 0.679551 0.001442
0.981130 0.002989 0.015881
0.753090 0.009534 0.237376
0.947691 0.044393 0.007917
0.088874 0.908981 0.002145
0.001499 0.950547 0.047954
0.907954 0.004939 0.087107
0.207562 0.010447 0.781991
0.879230 0.056038 0.064732
0.796871 0.001023 0.202106
0.799472 0.097351 0.103177
0.005429 0.195955 0.798616
0.967967 0.009153 0.022880
0.081399 0.916367 0.002234
0.984424 0.003309 0.012266
0.001771 0.826536 0.171693
0.636971 0.012717 0.350313
0.000801 0.910836 0.088362
0.002654 0.997110 0.000235
0.000485 0.976047 0.023469
0.000330 0.994090 0.005580
0.008425 0.851541 0.140035
0.001337 0.925655 0.073008
0.902230 0.003947 0.093824
0.015336 0.983597 0.001066
0.000717 0.991909 0.007374
0.852178 0.053459 0.094364
0.898502 0.088212 0.013286
0.012036 0.403796 0.584169
0.980571 0.002651 0.016778
0.969806 0.019784 0.010410
0.978800 0.005205 0.015995
0.001330 0.881210 0.117459
0.011810 0.987571 0.000619
0.000196 0.972332 0.027473
0.940446 0.004158 0.055396
0.832718 0.112722 0.054560
0.950096 0.045994 0.003911
0.012667 0.985767 0.001565
0.003684 0.995175 0.001141
0.029014 0.802889 0.168097
0.029741 0.027174 0.943085
0.076023 0.923774 0.000203
0.975382 0.008930 0.015688
0.960669 0.037079 0.002252
0.118598 0.869170 0.012232
0.005623 0.992913 0.001465
0.003155 0.995549 0.001296
0.039055 0.940415 0.020530
0.000918 0.962424 0.036657
0.969047 0.030219 0.000734
0.962598 0.002845 0.034557
0.932848 0.004961 0.062192
0.961184 0.007555 0.031262
0.002281 0.959839 0.037879
0.000335 0.999492 0.000173
0.001853 0.860486 0.137661
0.003069 0.979830 0.017100
0.049301 0.950351 0.000348
0.918091 0.072404 0.009505
0.000706 0.999186 0.000108
0.867591 0.131490 0.000919
0.004739 0.986565 0.008696
0.725333 0.083956 0.190711
0.001025 0.917635 0.081340
0.008738 0.978448 0.012814
0.971304 0.026865 0.001831
0.977193 0.020792 0.002015
0.942012 0.010279 0.047709
0.067458 0.931962 0.000580
0.927387 0.002544 0.070069
0.973998 0.002008 0.023994
0.784364 0.045013 0.170623
0.001627 0.997500 0.000874
0.958379 0.011480 0.030141
0.081119 0.916355 0.002527
0.383209 0.609582 0.007209
0.813227 0.136326 0.050446
0.976021 0.019484 0.004496
0.945454 0.000781 0.053765
0.004295 0.671360 0.324344
0.016990 0.981873 0.001137
0.005952 0.981013 0.013034
0.974071 0.002871 0.023058
0.658612 0.008192 0.333196
0.000721 0.986718 0.012561
0.008066 0.991380 0.000554
0.001184 0.998307 0.000509
0.778481 0.029552 0.191967
0.974111 0.016484 0.009405
0.006001 0.563877 0.430122
0.000421 0.973012 0.026567
0.008543 0.744980 0.246477
0.032906 0.033007 0.934087
0.857555 0.119608 0.022837
0.003345 0.993963 0.002692
0.001177 0.894474 0.104349
0.001435 0.997617 0.000948
0.000784 0.997071 0.002145
0.951519 0.040645 0.007837
0.956115 0.040223 0.003661
0.965612 0.010119 0.024269
0.869880 0.008541 0.121579
0.438068 0.559582 0.002350
0.013195 0.003058 0.983747
0.317741 0.676547 0.005712
0.052173 0.937542 0.010285
0.292795 0.705425 0.001780
0.029145 0.970296 0.000559
0.002435 0.937177 0.060389
0.027375 0.968930 0.003695
0.031037 0.037550 0.931412
0.755943 0.008589 0.235468
0.014558 0.002626 0.982816
0.989063 0.003811 0.007125
0.861807 0.133744 0.004448
0.980829 0.013133 0.006038
0.973038 0.012811 0.014151
0.025082 0.844260 0.130658
0.004830 0.994956 0.000214
0.121632 0.875488 0.002879
0.010301 0.982634 0.007065
0.970127 0.024359 0.005514
0.003680 0.536311 0.460009
0.942101 0.047675 0.010224
0.005231 0.984568 0.010201
0.001669 0.992223 0.006109
0.897214 0.071962 0.030823
0.951081 0.011684 0.037234
0.140514 0.679703 0.179783
0.006819 0.992843 0.000339
0.000306 0.992692 0.007002
0.163103 0.830545 0.006352
0.011694 0.988095 0.000211
0.029911 0.968893 0.001197
0.610486 0.004962 0.384553
0.038250 0.008915 0.952835
0.001643 0.998259 0.000098
0.023736 0.051293 0.924971
0.931709 0.005483 0.062808
0.000422 0.998941 0.000637
0.969576 0.008681 0.021743
0.035353 0.963948 0.000700
0.787897 0.004914 0.207189
0.980458 0.016571 0.002971
0.000685 0.924850 0.074464
0.902529 0.006964 0.090506
0.056885 0.934327 0.008788
0.005586 0.993737 0.000677
0.946459 0.008220 0.045322
0.000341 0.983884 0.015775
0.001843 0.995496 0.002661
0.012850 0.844898 0.142251
0.295673 0.004491 0.699836
0.153927 0.810866 0.035208
0.004094 0.837232 0.158674
0.965505 0.008678 0.025817
0.000495 0.892063 0.107442
0.140899 0.854862 0.004239
0.029964 0.969494 0.000541
0.953377 0.010726 0.035898
0.232190 0.766466 0.001345
0.092860 0.906873 0.000267
0.769237 0.211669 0.019094
0.930697 0.008488 0.060814
0.010979 0.988388 0.000632
0.003708 0.988187 0.008105
0.004115 0.993167 0.002719
0.002536 0.997060 0.000404
0.958624 0.039794 0.001582
0.806654 0.115005 0.078341
0.036983 0.962273 0.000744
0.705004 0.004736 0.290260
0.552165 0.006700 0.441134
0.878967 0.065689 0.055344
0.916945 0.074739 0.008316
0.049996 0.948293 0.001711
0.916404 0.001946 0.081650
0.027449 0.969734 0.002818
0.776426 0.174411 0.049163
0.927459 0.070057 0.002484
0.969137 0.006972 0.023891
0.002791 0.995851 0.001357
0.000722 0.998032 0.001247
0.039674 0.959987 0.000339
0.770016 0.225798 0.004186
0.004423 0.995465 0.000112
0.006727 0.992903 0.000370
0.039360 0.956957 0.003684
0.965567 0.010262 0.024171
0.136923 0.849101 0.013977
0.000237 0.988957 0.010806
0.817581 0.006018 0.176401
0.926991 0.054456 0.018553
0.948288 0.048921 0.002792
0.003697 0.994736 0.001566
0.024714 0.973098 0.002188
0.796774 0.013937 0.189289
0.003621 0.985482 0.010897
0.194047 0.797739 0.008213
0.003569 0.995155 0.001276
0.004491 0.995087 0.000423
0.906475 0.081521 0.012004
0.007276 0.957614 0.035110
0.769007 0.004547 0.226447
0.130124 0.828505 0.041371
0.937256 0.054006 0.008738
0.041373 0.419206 0.539421
0.006604 0.993092 0.000305
0.154330 0.823900 0.021770
0.006749 0.989955 0.003296
0.003448 0.978872 0.017680
0.001646 0.998140 0.000215
0.715129 0.001546 0.283325
0.051391 0.035680 0.912928
0.837911 0.006258 0.155831
0.001999 0.997076 0.000925
0.973696 0.012483 0.013821
0.949018 0.001426 0.049556
0.959580 0.035946 0.004473
0.937238 0.053353 0.009409
0.436611 0.541003 0.022385
0.014866 0.926915 0.058219
0.689929 0.001651 0.308420
0.088464 0.003419 0.908116
0.256553 0.449130 0.294317
0.015717 0.984179 0.000104
0.932096 0.061178 0.006726
0.743672 0.029304 0.227024
0.556525 0.389176 0.054299
0.006672 0.990291 0.003037
0.047011 0.948706 0.004283
0.634617 0.053769 0.311614
0.000526 0.998010 0.001464
0.890570 0.101289 0.008141
0.290567 0.707650 0.001783
0.946742 0.044550 0.008708
0.178248 0.137420 0.684333
0.550913 0.035000 0.414087
0.060539 0.011871 0.927591
0.899432 0.060364 0.040203
0.083269 0.915426 0.001305
0.000603 0.927236 0.072161
0.943076 0.053350 0.003574
0.002436 0.997078 0.000486
0.789745 0.115730 0.094525
0.953322 0.037619 0.009060
0.117858 0.589412 0.292730
0.072364 0.032692 0.894944
0.982754 0.004243 0.013003
0.105190 0.060312 0.834498
0.472824 0.174255 0.352921
0.767997 0.027493 0.204509
0.938973 0.001974 0.059054
0.796723 0.007947 0.195330
0.959099 0.026920 0.013981
0.059392 0.940095 0.000513
0.001002 0.997383 0.001615
0.905045 0.049396 0.045559
0.003929 0.994117 0.001954
0.012953 0.978222 0.008825
0.020717 0.978006 0.001277
0.934518 0.064802 0.000679
0.575261 0.016939 0.407800
0.006583 0.993258 0.000159
0.009590 0.990248 0.000163
0.000911 0.976977 0.022112
0.084993 0.908289 0.006718
0.074813 0.923244 0.001943
0.976001 0.001985 0.022014
0.877821 0.005231 0.116948
0.969817 0.023317 0.006866
0.084796 0.002649 0.912555
0.928648 0.015406 0.055946
0.005391 0.994548 0.000061
0.025301 0.973409 0.001290
0.937160 0.018952 0.043888
0.842541 0.003246 0.154213
0.866584 0.000769 0.132647
0.872601 0.063195 0.064204
0.947202 0.002876 0.049923
0.796692 0.193189 0.010119
0.000550 0.913399 0.086051
0.003361 0.996009 0.000630
0.001492 0.965828 0.032680
0.031024 0.007197 0.961778
0.155216 0.007748 0.837036
0.000711 0.787658 0.211632
0.022791 0.975633 0.001576
0.011605 0.952225 0.036170
0.785450 0.199642 0.014908
0.001190 0.998213 0.000597
0.028305 0.966615 0.005081
0.073651 0.094672 0.831677
0.025966 0.972444 0.001590
0.794148 0.201700 0.004152
0.015149 0.984731 0.000120
0.076073 0.225552 0.698376
0.157274 0.211220 0.631506
0.784736 0.127677 0.087587
0.025125 0.942774 0.032102
0.003706 0.006763 0.989532
0.812363 0.001130 0.186507
0.984348 0.006602 0.009050
0.004828 0.880701 0.114471
0.880155 0.016987 0.102859
0.848285 0.148078 0.003637
0.947262 0.029359 0.023379
0.020878 0.976653 0.002469
0.018848 0.872522 0.108631
0.667777 0.303694 0.028529
0.948974 0.038125 0.012901
0.001532 0.997744 0.000724
0.169677 0.001449 0.828874
0.000633 0.999276 0.000091
0.003928 0.994930 0.001142
0.012743 0.987086 0.000171
0.062590 0.936473 0.000937
0.756236 0.242554 0.001210
0.001238 0.998725 0.000037
0.000967 0.998830 0.000204
0.104946 0.893216 0.001838
0.954316 0.044844 0.000841
0.011067 0.988608 0.000325
0.982522 0.008114 0.009364
0.957219 0.039984 0.002797
0.001214 0.998369 0.000417
0.075562 0.923704 0.000734
0.520777 0.478222 0.001001
0.576528 0.007734 0.415738
0.960188 0.004165 0.035647
0.946024 0.013620 0.040357
0.001785 0.996757 0.001458
0.274983 0.724114 0.000903
0.051009 0.046072 0.902919
0.020387 0.979429 0.000185
0.192454 0.803399 0.004148
0.000902 0.828096 0.171001
0.592973 0.028094 0.378934
0.881958 0.041348 0.076694
0.943486 0.001681 0.054833
0.585053 0.000862 0.414085
0.098075 0.900965 0.000960
0.000518 0.963371 0.036111
0.881392 0.020307 0.098301
0.006397 0.704033 0.289570
0.732635 0.000695 0.266670
0.001824 0.997949 0.000227
0.001048 0.998799 0.000153
0.897712 0.100399 0.001889
0.852337 0.032094 0.115569
0.939009 0.007862 0.053129
0.943417 0.052262 0.004321
0.877163 0.121087 0.001751
0.900003 0.081538 0.018459
0.023015 0.973333 0.003652
0.928076 0.009976 0.061948
0.802690 0.195811 0.001500
0.067734 0.862557 0.069708
0.001474 0.976362 0.022164
0.000954 0.935988 0.063058
0.023296 0.976206 0.000498
0.895441 0.076484 0.028075
0.858498 0.024706 0.116796
0.946187 0.002077 0.051735
0.942906 0.005392 0.051702
0.902890 0.015064 0.082046
0.324548 0.098290 0.577162
0.491046 0.001803 0.507151
0.848101 0.134650 0.017248
0.033020 0.966784 0.000196
0.965526 0.004441 0.030033
0.002106 0.860276 0.137618
0.736171 0.000618 0.263211
0.073767 0.087465 0.838768
0.000248 0.982927 0.016825
0.012621 0.780573 0.206806
0.951485 0.020319 0.028196
0.363313 0.633944 0.002743
0.002361 0.995904 0.001735
0.205008 0.794228 0.000765
0.036541 0.928785 0.034673
0.094135 0.903198 0.002668
0.000837 0.998286 0.000878
0.587002 0.404336 0.008662
0.041379 0.953139 0.005481
0.009082 0.835799 0.155119
0.007073 0.989280 0.003647
0.877173 0.007489 0.115339
0.000660 0.991325 0.008015
0.951809 0.037776 0.010414
0.016200 0.979414 0.004386
0.403551 0.006291 0.590158
0.952772 0.025972 0.021257
0.039232 0.960431 0.000337
0.567266 0.362586 0.070147
0.928053 0.017891 0.054055
0.306328 0.508307 0.185365
0.004473 0.994926 0.000601
0.937874 0.059816 0.002310
0.002751 0.996843 0.000407
0.138966 0.858544 0.002490
0.865370 0.017447 0.117183
0.984913 0.003422 0.011665
0.001052 0.998024 0.000923
0.000229 0.991012 0.008759
0.038822 0.959904 0.001274
0.005722 0.992818 0.001460
0.166483 0.826156 0.007361
0.024483 0.957283 0.018234
0.948094 0.050162 0.001744
0.930563 0.022372 0.047065
0.182456 0.802355 0.015189
0.002242 0.997671 0.000087
0.098506 0.900193 0.001301
0.956610 0.039540 0.003850
0.388187 0.016723 0.595090
0.344819 0.652197 0.002985
0.000767 0.802925 0.196308
0.103074 0.892930 0.003996
0.005999 0.921876 0.072125
0.241703 0.753641 0.004657
0.003157 0.994944 0.001899
0.836506 0.037183 0.126311
0.001141 0.997982 0.000876
0.003399 0.994864 0.001737
0.001733 0.994197 0.004070
0.178204 0.818645 0.003151
0.582369 0.416570 0.001061
0.401758 0.336204 0.262038
0.034026 0.962636 0.003339
0.955328 0.006272 0.038400
0.079393 0.020278 0.900329
0.000440 0.978089 0.021470
0.056578 0.003641 0.939781
0.800350 0.001059 0.198591
0.938721 0.047028 0.014251
0.935250 0.051325 0.013425
0.945211 0.049893 0.004896
0.103734 0.894962 0.001303
0.005420 0.994265 0.000315
0.307502 0.691962 0.000535
0.986899 0.004047 0.009054
0.862929 0.056103 0.080968
0.000877 0.998772 0.000351
0.013256 0.207249 0.779495
0.000647 0.968922 0.030430
0.003058 0.945450 0.051492
0.140704 0.693186 0.166109
0.094983 0.894310 0.010708
0.001184 0.997996 0.000820
0.001555 0.996239 0.002206
0.050481 0.949132 0.000387
0.188761 0.803875 0.007364
0.001320 0.964100 0.034580
0.823630 0.021883 0.154488
0.019141 0.980621 0.000238
0.962705 0.022451 0.014845
0.108745 0.890434 0.000821
0.448538 0.551044 0.000418
0.011011 0.988069 0.000920
0.000767 0.982057 0.017176
0.338013 0.324406 0.337581
0.924691 0.043995 0.031314
0.112967 0.830475 0.056558
0.000386 0.993719 0.005895
0.918451 0.070629 0.010920
0.972966 0.007557 0.019477
0.060208 0.688689 0.251103
0.932922 0.061873 0.005205
0.002028 0.995667 0.002305
0.012434 0.982847 0.004719
0.021611 0.977992 0.000397
0.310983 0.246317 0.442700
0.021028 0.226930 0.752042
0.772439 0.151770 0.075791
0.934097 0.063135 0.002768
0.003098 0.970014 0.026888
0.009688 0.948871 0.041440
0.941824 0.056062 0.002114
0.000679 0.985576 0.013745
0.950177 0.000209 0.049613
0.006350 0.581562 0.412089
0.094927 0.904333 0.000740
0.979406 0.018179 0.002415
0.976543 0.010596 0.012861
0.001637 0.961430 0.036932
0.003200 0.971311 0.025489
0.000776 0.986061 0.013163
0.975575 0.009541 0.014885
0.826940 0.134013 0.039047
0.007547 0.990366 0.002087
0.982912 0.014396 0.002693
0.023994 0.973554 0.002452
0.002913 0.996119 0.000968
0.019445 0.959778 0.020777
0.031894 0.542395 0.425711
0.563355 0.060999 0.375647
0.943627 0.054394 0.001979
0.050541 0.948261 0.001198
0.006403 0.071865 0.921732
0.005544 0.994202 0.000254
0.912050 0.014636 0.073314
0.793945 0.203764 0.002292
0.934100 0.065123 0.000777
0.771452 0.004026 0.224522
0.966021 0.005906 0.028074
0.000478 0.999401 0.000121
0.160292 0.834363 0.005345
0.154606 0.008862 0.836531
0.001157 0.998425 0.000417
0.000223 0.995527 0.004249
0.959501 0.036130 0.004369
0.237402 0.078493 0.684106
0.066140 0.933060 0.000800
0.014489 0.978113 0.007399
0.006566 0.973559 0.019874
0.000101 0.999045 0.000854
0.931817 0.066924 0.001259
0.007789 0.991341 0.000870
0.976523 0.017668 0.005810
0.017082 0.949773 0.033145
0.230305 0.768917 0.000777
0.022985 0.976773 0.000242
0.001971 0.996898 0.001132
0.975467 0.021554 0.002979
0.005910 0.993955 0.000135
0.017232 0.024160 0.958608
0.037819 0.960982 0.001198
0.000226 0.988467 0.011307
0.006395 0.984610 0.008995
0.948319 0.038597 0.013084
0.927911 0.008726 0.063363
0.001852 0.990005 0.008143
0.021679 0.977932 0.000389
0.603175 0.271015 0.125810
0.945166 0.050374 0.004460
0.004116 0.995448 0.000436
0.010451 0.984994 0.004555
0.023610 0.971831 0.004559
0.977051 0.005070 0.017880
0.817476 0.180273 0.002251
0.974736 0.008802 0.016462
0.872341 0.001531 0.126128
0.981901 0.007400 0.010699
0.923843 0.015662 0.060495
0.900288 0.078952 0.020760
0.006303 0.993271 0.000426
0.042694 0.122590 0.834716
0.009034 0.990756 0.000210
0.007219 0.982884 0.009897
0.821559 0.055178 0.123263
0.980028 0.013899 0.006073
0.166747 0.824036 0.009217
0.004935 0.994875 0.000190
0.874092 0.025301 0.100607
0.002645 0.737032 0.260323
0.102835 0.769710 0.127455
0.936784 0.028773 0.034443
0.114168 0.884127 0.001705
0.979548 0.006181 0.014271
0.975767 0.012849 0.011383
0.005923 0.983788 0.010289
0.001992 0.996536 0.001472
0.002873 0.980037 0.017090
0.001131 0.998641 0.000228
0.852932 0.105293 0.041776
0.944681 0.045742 0.009576
0.704097 0.294579 0.001324
0.887814 0.078860 0.033326
0.021159 0.978655 0.000186
0.978761 0.016222 0.005017
0.001366 0.924990 0.073644
0.956244 0.014662 0.029094
0.928709 0.060098 0.011193
0.138854 0.859388 0.001758
0.007247 0.926337 0.066416
0.928395 0.041901 0.029704
0.037149 0.960153 0.002697
0.945425 0.051986 0.002589
0.809666 0.009987 0.180347
0.696326 0.048901 0.254773
0.957224 0.008235 0.034542
0.000797 0.977067 0.022136
0.334638 0.664218 0.001144
0.007631 0.629091 0.363278
0.009599 0.983353 0.007048
0.017727 0.958245 0.024028
0.959732 0.021707 0.018560
0.000271 0.961881 0.037849
0.096759 0.901078 0.002163
0.989629 0.004018 0.006353
0.962327 0.036263 0.001410
0.966615 0.008719 0.024666
0.023516 0.975680 0.000804
0.967802 0.017594 0.014604
0.238840 0.001182 0.759978
0.791136 0.041375 0.167489
0.869149 0.008000 0.122851
0.126958 0.002958 0.870084
0.730093 0.052171 0.217735
0.092479 0.906180 0.001341
0.905292 0.055186 0.039523
0.909437 0.001265 0.089298
0.115935 0.002693 0.881372
0.968844 0.024855 0.006302
0.885947 0.028200 0.085853
0.938132 0.058693 0.003175
0.975695 0.004238 0.020067
0.001353 0.793057 0.205590
0.959612 0.034183 0.006205
0.273091 0.014748 0.712161
0.000478 0.999308 0.000214
0.146697 0.852285 0.001017
0.982704 0.003562 0.013734
0.987196 0.008533 0.004271
0.957107 0.004594 0.038299
0.072450 0.012837 0.914713
0.000981 0.672060 0.326958
0.183747 0.003936 0.812317
0.629968 0.032956 0.337076
0.041542 0.958231 0.000226
0.005053 0.994796 0.000151
0.014728 0.984931 0.000341
0.000814 0.937362 0.061823
0.015210 0.983697 0.001093
0.772598 0.009179 0.218223
0.002375 0.995201 0.002423
0.020674 0.978615 0.000711
0.548048 0.007804 0.444148
0.019103 0.034121 0.946776
0.799148 0.155736 0.045116
0.972504 0.013403 0.014093
0.003941 0.983028 0.013031
0.007325 0.422353 0.570322
0.131643 0.866404 0.001953
0.003072 0.996719 0.000209
0.011804 0.987861 0.000335
0.066849 0.012171 0.920980
0.004648 0.230870 0.764482
0.868965 0.126729 0.004306
0.010206 0.988819 0.000975
0.081941 0.814919 0.103140
0.001001 0.973262 0.025737
0.299448 0.677295 0.023258
0.966838 0.030973 0.002189
0.004308 0.900089 0.095603
0.946763 0.006434 0.046803
0.922294 0.049049 0.028656
0.960757 0.002270 0.036973
0.508957 0.439848 0.051195
0.006014 0.983062 0.010925
0.862076 0.128450 0.009474
0.943891 0.028821 0.027288
0.717936 0.280901 0.001163
0.855758 0.050912 0.093330
0.002151 0.903517 0.094332
0.012892 0.986817 0.000291
0.003746 0.995320 0.000934
0.913719 0.001410 0.084871
0.238086 0.759002 0.002912
0.079309 0.907412 0.013279
0.938775 0.043657 0.017568
0.925057 0.062476 0.012467
0.002535 0.743240 0.254225
0.000880 0.998917 0.000203
0.981614 0.002150 0.016236
0.012616 0.987175 0.000209
0.028607 0.937487 0.033906
0.074812 0.862873 0.062315
0.008189 0.990523 0.001288
0.008618 0.864655 0.126726
0.001478 0.990768 0.007754
0.588462 0.020481 0.391057
0.971828 0.010398 0.017774
0.122596 0.876943 0.000461
0.032347 0.007358 0.960295
0.005954 0.960676 0.033370
0.222063 0.767835 0.010101
0.883512 0.105540 0.010947
0.880227 0.098507 0.021266
0.004696 0.995125 0.000179
0.000646 0.985993 0.013361
0.958992 0.011481 0.029526
0.000585 0.985048 0.014367
0.029342 0.970454 0.000204
0.949448 0.037530 0.013022
0.049112 0.949770 0.001118
0.873860 0.081526 0.044614
0.963886 0.001674 0.034440
0.971026 0.001672 0.027301
0.965631 0.031782 0.002587
0.992978 0.004659 0.002363
0.972128 0.020968 0.006904
0.000326 0.982011 0.017663
0.884069 0.063865 0.052067
0.052102 0.001208 0.946690
0.933801 0.041559 0.024640
0.003619 0.994555 0.001826
0.023200 0.003187 0.973613
0.920927 0.004980 0.074093
0.006033 0.948960 0.045007
0.020326 0.979217 0.000457
0.986846 0.003881 0.009273
0.767674 0.045333 0.186993
0.094325 0.019489 0.886186
0.000914 0.968803 0.030283
0.018109 0.981548 0.000343
0.612452 0.386464 0.001084
0.029676 0.965578 0.004746
0.973606 0.005176 0.021218
0.806849 0.191744 0.001407
0.015289 0.974582 0.010129
0.001327 0.998466 0.000207
0.930035 0.066037 0.003929
0.425614 0.068796 0.505590
0.875516 0.105220 0.019264
0.950969 0.031031 0.018000
0.018598 0.980141 0.001261
0.056897 0.935220 0.007883
0.022879 0.973160 0.003960
0.000444 0.999110 0.000446
0.002477 0.872123 0.125400
0.985397 0.002678 0.011924
0.107230 0.889039 0.003731
0.790424 0.207860 0.001716
0.001995 0.660850 0.337155
0.025134 0.867408 0.107458
0.980026 0.008252 0.011722
0.007663 0.768360 0.223977
0.001196 0.998726 0.000078
0.031200 0.855490 0.113310
0.024779 0.975104 0.000117
0.029543 0.969982 0.000476
0.014244 0.983502 0.002254
0.939940 0.032596 0.027464
0.086585 0.909181 0.004234
0.914417 0.067451 0.018132
0.701077 0.294143 0.004780
0.037283 0.377081 0.585636
0.478234 0.065120 0.456646
0.007015 0.985022 0.007963
0.769675 0.001811 0.228514
0.969567 0.004124 0.026309
0.154125 0.842258 0.003617
0.015439 0.513159 0.471402
0.000495 0.998241 0.001264
0.007481 0.925240 0.067279
0.000425 0.998174 0.001401
0.059044 0.880973 0.059983
0.940855 0.051989 0.007156
0.014326 0.042672 0.943002
0.981288 0.007427 0.011285
0.026341 0.935065 0.038594
0.899009 0.022613 0.078378
0.969156 0.016309 0.014535
0.948874 0.050529 0.000598
0.002891 0.961392 0.035717
0.941873 0.055277 0.002850
0.002226 0.996706 0.001067
0.299892 0.692440 0.007668
0.015655 0.982948 0.001397
0.014902 0.044366 0.940733
0.815048 0.004515 0.180438
0.979269 0.002525 0.018206
0.924296 0.005971 0.069733
0.018875 0.015418 0.965707
0.034524 0.018181 0.947295
0.051374 0.948316 0.000310
0.047147 0.945304 0.007550
0.582573 0.414292 0.003135
0.000551 0.972160 0.027289
0.973822 0.023332 0.002846
0.000513 0.979110 0.020377
0.050530 0.001537 0.947933
0.970195 0.026912 0.002893
0.862165 0.136868 0.000967
0.020279 0.894445 0.085276
0.753918 0.191047 0.055035
0.960526 0.001149 0.038325
0.963351 0.007144 0.029505
0.002120 0.994385 0.003495
0.021685 0.978131 0.000184
0.975957 0.020719 0.003324
0.000262 0.997092 0.002646
0.973772 0.000925 0.025303
0.971409 0.001774 0.026817
0.016473 0.979313 0.004214
0.786572 0.209902 0.003525
0.049210 0.002421 0.948368
0.969117 0.026327 0.004556
0.098439 0.898193 0.003367
0.985527 0.008754 0.005719
0.961421 0.001726 0.036853
0.024019 0.027648 0.948333
0.048612 0.950087 0.001301
0.859629 0.005786 0.134585
0.008319 0.991495 0.000186
0.933422 0.062621 0.003957
0.890650 0.016423 0.092927
0.052716 0.923904 0.023379
0.981816 0.009017 0.009167
0.499059 0.497972 0.002969
0.382889 0.302806 0.314305
0.968743 0.024978 0.006279
0.000229 0.970814 0.028957
0.156801 0.842438 0.000761
0.041220 0.955134 0.003646
0.002859 0.995711 0.001430
0.904100 0.092797 0.003103
0.002044 0.997878 0.000078
0.883321 0.102293 0.014386
0.143598 0.855302 0.001100
0.000208 0.999610 0.000182
0.001010 0.811127 0.187863
0.032185 0.966774 0.001041
0.018175 0.981500 0.000325
0.511938 0.481341 0.006720
0.007438 0.992188 0.000373
0.106346 0.875576 0.018078
0.988705 0.002072 0.009223
0.005560 0.991877 0.002563
0.363431 0.395092 0.241476
0.002350 0.978653 0.018997
0.059068 0.940487 0.000444
0.004083 0.643827 0.352090
0.924929 0.073690 0.001382
0.197099 0.800869 0.002032
0.300024 0.006143 0.693834
0.956747 0.025836 0.017417
0.026259 0.941962 0.031779
0.180050 0.819304 0.000646
0.008238 0.989762 0.002000
0.048785 0.950648 0.000567
0.927888 0.006904 0.065207
0.087147 0.104615 0.808238
0.007649 0.985106 0.007245
0.002849 0.997018 0.000133
0.008617 0.971195 0.020187
0.809992 0.177465 0.012543
0.976913 0.009861 0.013226
0.000757 0.995565 0.003678
0.855839 0.143035 0.001126
0.001989 0.997820 0.000191
0.007072 0.986558 0.006371
0.351651 0.017082 0.631267
0.002626 0.997340 0.000034
0.931415 0.021360 0.047225
0.001879 0.849621 0.148500
0.005081 0.994699 0.000220
0.130507 0.816729 0.052764
0.919178 0.008444 0.072377
0.113004 0.886528 0.000467
0.072476 0.924343 0.003182
0.009287 0.986866 0.003847
0.024478 0.065146 0.910375
0.002030 0.622448 0.375522
0.052295 0.946716 0.000989
0.010581 0.979719 0.009700
0.104237 0.894568 0.001195
0.012260 0.966278 0.021462
0.992325 0.003143 0.004532
0.001167 0.814805 0.184028
0.217814 0.002382 0.779803
0.008757 0.856920 0.134323
0.002666 0.996870 0.000465
0.150634 0.008604 0.840762
0.027226 0.971228 0.001546
0.000435 0.996881 0.002683
0.013484 0.986176 0.000340
0.542401 0.164078 0.293521
0.001540 0.998104 0.000355
0.002445 0.996977 0.000578
0.002119 0.996545 0.001336
0.008789 0.989440 0.001771
0.011271 0.984922 0.003807
0.002537 0.996533 0.000930
0.965726 0.026133 0.008141
0.878490 0.000851 0.120659
0.012235 0.980792 0.006973
0.015900 0.978491 0.005609
0.002123 0.979861 0.018016
0.082063 0.912957 0.004980
0.032609 0.966829 0.000561
0.978571 0.013775 0.007654
0.857809 0.128179 0.014012
0.909637 0.018665 0.071698
0.000430 0.989286 0.010284
0.215048 0.000889 0.784063
0.021649 0.975794 0.002558
0.131887 0.791081 0.077033
0.068926 0.929051 0.002023
0.520283 0.002350 0.477367
0.592001 0.004105 0.403895
0.016223 0.982078 0.001699
0.017103 0.982664 0.000232
0.457117 0.541520 0.001363
0.005639 0.596870 0.397491
0.887670 0.075833 0.036498
0.074206 0.923524 0.002270
0.001716 0.860507 0.137777
0.156826 0.842583 0.000591
0.993374 0.003784 0.002842
0.012565 0.987002 0.000433
0.674437 0.011845 0.313718
0.050119 0.934656 0.015225
0.002779 0.997109 0.000112
0.001790 0.998128 0.000083
0.861485 0.092693 0.045823
0.985004 0.003901 0.011095
0.960956 0.000723 0.038322
0.003249 0.928884 0.067867
0.072009 0.922580 0.005410
0.000952 0.985152 0.013896
0.027345 0.003866 0.968789
0.031261 0.942392 0.026347
0.839368 0.015285 0.145347
0.017204 0.830973 0.151823
0.011270 0.003626 0.985104
0.003123 0.996762 0.000116
0.007456 0.992444 0.000100
0.005938 0.992075 0.001988
0.003918 0.794070 0.202012
0.005470 0.980430 0.014100
0.008767 0.990733 0.000500
0.001685 0.970501 0.027814
0.699838 0.288150 0.012012
0.090085 0.899812 0.010104
0.103684 0.887615 0.008702
0.964879 0.003121 0.031999
0.004724 0.992973 0.002303
0.130440 0.863106 0.006455
0.594444 0.000518 0.405038
0.065805 0.932434 0.001761
0.003528 0.932218 0.064254
0.008734 0.755148 0.236117
0.848198 0.146598 0.005204
0.264787 0.717236 0.017977
0.816251 0.149660 0.034089
0.988662 0.004024 0.007314
0.809838 0.123123 0.067038
0.586524 0.196789 0.216687
0.874959 0.041278 0.083763
0.609053 0.389182 0.001765
0.874299 0.041168 0.084533
0.095236 0.903956 0.000808
0.922431 0.075895 0.001674
0.983334 0.010620 0.006046
0.088161 0.900494 0.011345
0.972272 0.002809 0.024918
0.029572 0.969949 0.000478
0.959499 0.004100 0.036401
0.005285 0.745622 0.249093
0.003999 0.995794 0.000207
0.063052 0.004609 0.932339
0.039080 0.954246 0.006674
0.012020 0.987853 0.000127
0.918432 0.078713 0.002855
0.019303 0.977757 0.002940
0.005993 0.993531 0.000476
0.977814 0.011961 0.010225
0.013222 0.986106 0.000672
0.024653 0.968267 0.007081
0.000517 0.995332 0.004151
0.002141 0.900929 0.096930
0.986921 0.009860 0.003218
0.000673 0.993976 0.005352
0.075754 0.923845 0.000402
0.979259 0.018207 0.002534
0.000325 0.997125 0.002550
0.425374 0.006418 0.568208
0.120457 0.867027 0.012515
0.972015 0.020663 0.007322
0.009755 0.986914 0.003332
0.991834 0.003781 0.004385
0.944752 0.053377 0.001870
0.054365 0.944446 0.001189
0.168497 0.523153 0.308350
0.000194 0.999767 0.000039
0.295591 0.606033 0.098376
0.987576 0.010539 0.001885
0.456012 0.010598 0.533390
0.897489 0.096346 0.006164
0.000733 0.951639 0.047628
0.004155 0.995328 0.000517
0.146996 0.012834 0.840170
0.965472 0.017723 0.016805
0.013951 0.913662 0.072387
0.007624 0.983146 0.009230
0.007729 0.992103 0.000168
0.868352 0.131004 0.000644
0.927810 0.003180 0.069010
0.630256 0.368417 0.001326
0.017436 0.981822 0.000742
0.689868 0.005975 0.304157
0.082470 0.917118 0.000412
0.078655 0.916120 0.005224
0.975858 0.013373 0.010769
0.825900 0.164645 0.009455
0.952860 0.042628 0.004512
0.045655 0.949571 0.004775
0.939769 0.056400 0.003831
0.000328 0.985352 0.014320
0.367503 0.629056 0.003442
0.000449 0.999500 0.000051
0.003039 0.750712 0.246248
0.140395 0.852667 0.006938
0.951480 0.029241 0.019278
0.964960 0.008627 0.026413
0.956451 0.006450 0.037100
0.978076 0.004974 0.016950
0.275556 0.710204 0.014240
0.962117 0.025655 0.012229
0.390185 0.570336 0.039479
0.003399 0.994760 0.001841
0.406300 0.568915 0.024785
0.056294 0.939312 0.004393
0.014245 0.985141 0.000614
0.001186 0.998766 0.000048
0.002880 0.988850 0.008270
0.203286 0.790823 0.005891
0.978806 0.002702 0.018491
0.969729 0.009777 0.020494
0.928804 0.070594 0.000602
0.971592 0.027106 0.001302
0.176309 0.822447 0.001245
0.000838 0.977273 0.021889
0.029016 0.913352 0.057632
0.981928 0.008137 0.009935
0.975492 0.020316 0.004192
0.954303 0.043401 0.002296
0.004168 0.995520 0.000312
0.881007 0.060468 0.058525
0.001522 0.997925 0.000553
0.986167 0.007960 0.005872
0.007240 0.991941 0.000819
0.003307 0.743990 0.252703
0.805220 0.163301 0.031478
0.004624 0.995098 0.000278
0.001079 0.998460 0.000461
0.017325 0.865128 0.117546
0.980440 0.013996 0.005565
0.218514 0.007204 0.774281
0.002404 0.997110 0.000486
0.009653 0.951873 0.038474
0.000454 0.970909 0.028637
0.005168 0.922258 0.072573
0.942860 0.025992 0.031147
0.002761 0.996881 0.000357
0.200424 0.058456 0.741120
0.009278 0.990238 0.000484
0.972660 0.008943 0.018397
0.596432 0.171014 0.232553
0.596659 0.015794 0.387547
0.041806 0.958069 0.000125
0.889112 0.004993 0.105895
0.051759 0.903903 0.044338
0.000639 0.978480 0.020880
0.014476 0.984734 0.000790
0.152823 0.845705 0.001472
0.110049 0.887113 0.002837
0.015968 0.009310 0.974722
0.973914 0.013594 0.012492
0.018230 0.021242 0.960528
0.920742 0.064213 0.015045
0.377241 0.003480 0.619278
0.038293 0.880909 0.080798
0.024619 0.971850 0.003531
0.011442 0.912897 0.075661
0.886839 0.111176 0.001985
0.934550 0.002789 0.062661
0.909531 0.002736 0.087733
0.029738 0.970071 0.000191
0.965148 0.021818 0.013035
0.006516 0.987233 0.006251
0.896865 0.101043 0.002091
0.760292 0.001628 0.238081
0.270345 0.694576 0.035080
0.893571 0.083707 0.022721
0.058936 0.631096 0.309968
0.114198 0.876253 0.009548
0.949998 0.029871 0.020131
0.003215 0.966408 0.030377
0.087058 0.908709 0.004232
0.003189 0.996519 0.000292
0.001985 0.994582 0.003433
0.913374 0.067089 0.019537
0.097323 0.026542 0.876135
0.223892 0.132019 0.644089
0.008769 0.980348 0.010883
0.016311 0.069141 0.914548
0.002039 0.878422 0.119539
0.671080 0.325329 0.003591
0.004676 0.814075 0.181249
0.077182 0.915606 0.007212
0.932134 0.005846 0.062019
0.040648 0.957903 0.001449
0.886120 0.000989 0.112891
0.005772 0.943074 0.051154
0.007216 0.959920 0.032864
0.965443 0.029265 0.005292
0.003114 0.995386 0.001500
0.008653 0.989474 0.001874
0.001245 0.985076 0.013679
0.002878 0.996509 0.000613
0.853371 0.142481 0.004148
0.029422 0.970429 0.000149
0.950314 0.008884 0.040802
0.019272 0.978534 0.002194
0.003321 0.996398 0.000281
0.972623 0.017120 0.010257
0.026815 0.972839 0.000346
0.881110 0.061871 0.057019
0.332949 0.266012 0.401040
0.002445 0.996349 0.001206
0.447519 0.552128 0.000352
0.049038 0.949217 0.001745
0.980184 0.014385 0.005431
0.724919 0.003296 0.271785
0.944023 0.041815 0.014161
0.939092 0.056819 0.004089
0.001188 0.786925 0.211887
0.000603 0.991743 0.007655
0.003610 0.905075 0.091316
0.645185 0.092185 0.262630
0.007817 0.984584 0.007599
0.002052 0.769447 0.228501
0.007644 0.992033 0.000323
0.021887 0.977920 0.000193
0.114425 0.884182 0.001393
0.550452 0.448523 0.001024
0.225658 0.003276 0.771066
0.985627 0.003218 0.011155
0.920785 0.004016 0.075200
0.851726 0.114053 0.034221
0.017650 0.971161 0.011189
0.015677 0.982476 0.001848
0.160242 0.004868 0.834890
0.937703 0.006150 0.056146
0.699839 0.043486 0.256675
0.196444 0.318788 0.484769
0.313729 0.678565 0.007706
0.956001 0.032980 0.011019
0.000618 0.951614 0.047768
0.005178 0.893407 0.101415
0.946642 0.050953 0.002405
0.034545 0.868274 0.097181
0.000505 0.997603 0.001893
0.766993 0.162755 0.070252
0.280556 0.693446 0.025998
0.044726 0.954466 0.000809
0.005406 0.993933 0.000660
0.003020 0.906601 0.090379
0.120258 0.030837 0.848905
0.032552 0.964386 0.003062
0.098095 0.901333 0.000572
0.822163 0.169229 0.008608
0.046645 0.951353 0.002001
0.560694 0.435410 0.003896
0.748886 0.240011 0.011103
0.012925 0.978078 0.008996
0.018736 0.975895 0.005369
0.954855 0.008394 0.036751
0.977865 0.006739 0.015396
0.086093 0.907172 0.006735
0.804237 0.001033 0.194730
0.031144 0.964919 0.003937
0.976877 0.003190 0.019933
0.983851 0.011254 0.004894
0.022336 0.977468 0.000196
0.007596 0.992235 0.000169
0.737397 0.027784 0.234820
0.022332 0.977565 0.000104
0.003008 0.984857 0.012135
0.942102 0.039712 0.018186
0.001650 0.830663 0.167688
0.690365 0.308872 0.000763
0.961106 0.002389 0.036505
0.006120 0.993674 0.000206
0.869743 0.031559 0.098698
0.001692 0.981176 0.017132
0.871067 0.115120 0.013812
0.978500 0.014019 0.007481
0.988965 0.004491 0.006544
0.120030 0.757346 0.122624
0.895239 0.000610 0.104150
0.981260 0.003535 0.015204
0.905672 0.056701 0.037627
0.950538 0.002059 0.047403
0.141639 0.855675 0.002685
0.917696 0.040930 0.041374
0.053225 0.939699 0.007076
0.769170 0.019644 0.211186
0.001447 0.993893 0.004660
0.816046 0.182926 0.001028
0.932005 0.011521 0.056474
0.001488 0.998054 0.000457
0.975130 0.010235 0.014635
0.114953 0.865300 0.019748
0.031057 0.968072 0.000871
0.001679 0.996120 0.002201
0.009627 0.951372 0.039001
0.553774 0.443859 0.002367
0.967099 0.004416 0.028485
0.430875 0.564703 0.004423
0.820457 0.174575 0.004969
0.000265 0.999431 0.000304
0.000875 0.997588 0.001537
0.005896 0.991770 0.002333
0.977729 0.020824 0.001447
0.704086 0.292690 0.003223
0.001447 0.998218 0.000335
0.965801 0.005676 0.028523
0.019908 0.978176 0.001916
0.000927 0.998744 0.000329
0.002046 0.997094 0.000860
0.009716 0.597810 0.392474
0.308715 0.002711 0.688574
0.882105 0.098506 0.019389
0.706254 0.292053 0.001692
0.000354 0.963928 0.035719
0.008747 0.983644 0.007609
0.694577 0.300939 0.004485
0.011873 0.986440 0.001688
0.032360 0.060363 0.907277
0.006030 0.986156 0.007814
0.769921 0.052135 0.177944
0.005883 0.993963 0.000155
0.024014 0.070820 0.905166
0.945925 0.004344 0.049731
0.004339 0.395761 0.599901
0.066355 0.912407 0.021238
0.108336 0.877587 0.014077
0.011988 0.985592 0.002420
0.144328 0.001095 0.854576
0.010641 0.989014 0.000345
0.001144 0.907004 0.091851
0.000999 0.975326 0.023675
0.045312 0.952951 0.001737
0.962860 0.003616 0.033524
0.110134 0.809575 0.080291
0.011035 0.988746 0.000219
0.001833 0.997549 0.000618
0.978083 0.017760 0.004157
0.760179 0.082838 0.156983
0.960364 0.032071 0.007565
0.048122 0.951289 0.000588
0.729415 0.007880 0.262705
0.780721 0.048200 0.171079
0.004485 0.943611 0.051904
0.857427 0.006373 0.136200
0.531817 0.462570 0.005612
0.388668 0.226692 0.384639
0.002338 0.976268 0.021394
0.000227 0.997629 0.002144
0.985731 0.007012 0.007257
0.002854 0.996939 0.000207
0.878878 0.119934 0.001188
0.967559 0.025687 0.006754
0.654048 0.015468 0.330484
0.965356 0.003940 0.030704
0.002539 0.997218 0.000243
0.006513 0.855086 0.138401
0.888331 0.064077 0.047592
0.021214 0.978414 0.000372
0.117813 0.088592 0.793595
0.007912 0.987439 0.004649
0.002302 0.997366 0.000332
0.010074 0.987811 0.002114
0.000618 0.997255 0.002127
0.137842 0.858590 0.003569
0.080425 0.918725 0.000850
0.017647 0.978518 0.003836
0.000086 0.989631 0.010283
0.001376 0.998321 0.000304
0.734921 0.260913 0.004166
0.021224 0.971885 0.006891
0.012418 0.986487 0.001094
0.006381 0.993347 0.000272
0.025478 0.973468 0.001054
0.142959 0.018498 0.838544
0.488438 0.048542 0.463021
0.001468 0.994783 0.003749
0.775635 0.214115 0.010251
0.000481 0.987628 0.011891
0.965921 0.013480 0.020599
0.036669 0.960506 0.002825
0.864814 0.118424 0.016762
0.914248 0.082975 0.002776
0.002712 0.997096 0.000193
0.018546 0.886627 0.094827
0.354642 0.002517 0.642841
0.038406 0.960753 0.000841
0.978279 0.020177 0.001545
0.965889 0.001323 0.032788
0.316962 0.676350 0.006688
0.000560 0.996251 0.003189
0.986586 0.004744 0.008670
0.035871 0.962349 0.001781
0.931830 0.004104 0.064066
0.332911 0.652576 0.014512
0.965957 0.022661 0.011382
0.002175 0.997566 0.000260
0.034846 0.960860 0.004294
0.088835 0.910861 0.000303
0.000402 0.988019 0.011579
0.000612 0.999074 0.000313
0.026501 0.963768 0.009731
0.956906 0.033159 0.009935
0.961671 0.006089 0.032241
0.889585 0.109140 0.001275
0.114215 0.883978 0.001807
0.000761 0.998792 0.000447
0.189481 0.063437 0.747082
0.008123 0.748989 0.242889
0.641929 0.244257 0.113814
0.979642 0.010559 0.009799
0.965449 0.018855 0.015696
0.894671 0.077426 0.027903
0.004603 0.597086 0.398310
0.980634 0.017037 0.002330
0.746770 0.252194 0.001036
0.966092 0.003685 0.030223
0.068929 0.004593 0.926478
0.017483 0.973291 0.009227
0.000193 0.997183 0.002624
0.008137 0.991663 0.000200
0.018553 0.955801 0.025646
