0.016316 0.972201 0.011483
0.937339 0.054003 0.008658
0.000505 0.998870 0.000626
0.399285 0.599744 0.000971
0.988074 0.004234 0.007692
0.133185 0.816614 0.050201
0.232222 0.672645 0.095133
0.639020 0.091528 0.269452
0.780724 0.159043 0.060232
0.195326 0.803839 0.000835
0.000005 0.999651 0.000344
0.017865 0.970093 0.012042
0.029827 0.966056 0.004118
0.787030 0.013778 0.199192
0.055331 0.047202 0.897468
0.969781 0.022924 0.007296
0.560692 0.399161 0.040146
0.002789 0.997178 0.000034
0.716677 0.003039 0.280284
0.203451 0.796047 0.000501
0.022599 0.974960 0.002441
0.028777 0.124893 0.846330
0.173725 0.165744 0.660531
0.109983 0.883520 0.006497
0.604523 0.294989 0.100488
0.042249 0.957195 0.000556
0.029754 0.969934 0.000312
0.418900 0.486789 0.094312
0.967851 0.005513 0.026637
0.212348 0.787004 0.000648
0.023766 0.732514 0.243721
0.009195 0.988854 0.001951
0.440151 0.050092 0.509757
0.767602 0.005087 0.227311
0.951321 0.008143 0.040536
0.785246 0.020773 0.193981
0.892239 0.021480 0.086281
0.008213 0.991745 0.000042
0.870849 0.012891 0.116260
0.018287 0.981414 0.000299
0.009562 0.477312 0.513126
0.783524 0.208933 0.007543
0.000001 0.999934 0.000065
0.704943 0.259327 0.035731
0.151402 0.427975 0.420623
0.804750 0.048922 0.146328
0.380970 0.601215 0.017815
0.971208 0.008510 0.020282
0.094496 0.020478 0.885026
0.028845 0.970819 0.000337
0.207822 0.773653 0.018525
0.273225 0.007060 0.719714
0.000897 0.999022 0.000081
0.123457 0.126172 0.750371
0.255062 0.704180 0.040758
0.555962 0.025711 0.418327
0.016706 0.938796 0.044497
0.953576 0.036594 0.009830
0.016465 0.978659 0.004876
0.698611 0.264898 0.036491
0.161390 0.831339 0.007271
0.283856 0.606769 0.109375
0.948315 0.012246 0.039439
0.403255 0.529647 0.067098
0.229631 0.769848 0.000521
0.021029 0.962522 0.016449
0.002434 0.990456 0.007110
0.890043 0.018830 0.091128
0.196154 0.783642 0.020205
0.785478 0.008376 0.206146
0.965253 0.001621 0.033127
0.929812 0.001532 0.068656
0.914540 0.062013 0.023447
0.000331 0.818170 0.181499
0.827372 0.053320 0.119308
0.029809 0.927374 0.042818
0.048431 0.951373 0.000196
0.611713 0.160359 0.227928
0.120290 0.406387 0.473323
0.000602 0.996443 0.002955
0.267959 0.000257 0.731784
0.048041 0.951252 0.000707
0.912289 0.051787 0.035924
0.041077 0.957044 0.001879
0.198212 0.800893 0.000895
0.000468 0.974762 0.024770
0.990581 0.004860 0.004560
0.084175 0.908519 0.007306
0.185460 0.766729 0.047812
0.055678 0.944179 0.000142
0.560197 0.439158 0.000645
0.008104 0.975608 0.016287
0.001137 0.998755 0.000107
0.000065 0.967915 0.032020
0.570102 0.201905 0.227993
0.286810 0.683732 0.029458
0.416012 0.324456 0.259531
0.961718 0.000934 0.037348
0.075627 0.003085 0.921288
0.304693 0.288771 0.406536
0.838793 0.131345 0.029862
0.003293 0.996496 0.000211
0.939451 0.039055 0.021494
0.026148 0.952254 0.021598
0.042197 0.954223 0.003579
0.156059 0.265458 0.578483
0.011692 0.834997 0.153311
0.149781 0.020949 0.829270
0.000731 0.999171 0.000098
0.000081 0.999212 0.000707
0.947511 0.017955 0.034533
0.876455 0.034618 0.088927
0.659253 0.142786 0.197961
0.004062 0.993300 0.002637
0.079377 0.372420 0.548204
0.825353 0.165509 0.009138
0.001685 0.996812 0.001503
0.009615 0.986425 0.003961
0.008602 0.991246 0.000152
0.009001 0.988840 0.002159
0.888343 0.076940 0.034717
0.755783 0.097010 0.147207
0.745235 0.030617 0.224148
0.771079 0.065178 0.163742
0.314777 0.493945 0.191279
0.000443 0.999530 0.000027
0.022805 0.975605 0.001590
0.002406 0.997156 0.000437
0.100886 0.897682 0.001431
0.945635 0.016173 0.038192
0.015853 0.935775 0.048371
0.122898 0.875944 0.001158
0.374737 0.573122 0.052140
0.009735 0.990095 0.000169
0.220150 0.728216 0.051634
0.048241 0.951194 0.000565
0.548041 0.037639 0.414320
0.158512 0.094590 0.746898
0.952901 0.003359 0.043740
0.722811 0.001407 0.275782
0.421287 0.577168 0.001545
0.001913 0.992525 0.005562
0.014537 0.985399 0.000064
0.813553 0.062714 0.123733
0.555132 0.431839 0.013029
0.732107 0.263755 0.004138
0.000442 0.997538 0.002021
0.885893 0.110315 0.003792
0.181955 0.027249 0.790796
0.515684 0.000350 0.483966
0.004089 0.995849 0.000061
0.855597 0.057181 0.087222
0.001699 0.998240 0.000061
0.341870 0.424850 0.233280
0.916492 0.004236 0.079272
0.493318 0.094761 0.411921
0.968404 0.019043 0.012553
0.010474 0.989246 0.000280
0.545706 0.385558 0.068736
0.947419 0.019416 0.033165
0.168550 0.051571 0.779879
0.925055 0.033799 0.041146
0.951698 0.030205 0.018097
0.741408 0.239969 0.018623
0.003820 0.546141 0.450039
0.961889 0.021429 0.016682
0.024766 0.966149 0.009085
0.969384 0.001369 0.029247
0.000807 0.871045 0.128148
0.428429 0.186379 0.385192
0.000194 0.931903 0.067902
0.047543 0.943375 0.009082
0.000003 0.998357 0.001640
0.001780 0.975624 0.022597
0.029256 0.964830 0.005914
0.000122 0.998968 0.000910
0.967705 0.017879 0.014416
0.099906 0.835797 0.064297
0.000361 0.999016 0.000623
0.701099 0.231701 0.067200
0.956160 0.018246 0.025594
0.005906 0.307421 0.686673
0.953517 0.009363 0.037120
0.950178 0.027638 0.022184
0.572652 0.005509 0.421839
0.004180 0.893399 0.102421
0.068561 0.931213 0.000226
0.000208 0.999285 0.000507
0.918198 0.041959 0.039843
0.805379 0.166674 0.027947
0.981919 0.004426 0.013654
0.029746 0.963549 0.006705
0.026531 0.960080 0.013389
0.066928 0.635262 0.297810
0.082460 0.025619 0.891921
0.003634 0.996330 0.000036
0.981166 0.001495 0.017339
0.952061 0.035755 0.012185
0.385936 0.466206 0.147858
0.009779 0.985559 0.004662
0.014760 0.985095 0.000145
0.042968 0.802395 0.154637
0.003842 0.991706 0.004452
0.944350 0.051713 0.003936
0.867153 0.004169 0.128678
0.887322 0.041319 0.071359
0.939663 0.011574 0.048763
0.014230 0.984799 0.000971
0.000197 0.999470 0.000334
0.000689 0.991085 0.008225
0.033024 0.438215 0.528762
0.100308 0.899243 0.000448
0.740176 0.004163 0.255661
0.000234 0.999654 0.000112
0.752019 0.243690 0.004291
0.005824 0.992597 0.001579
0.613513 0.362653 0.023834
0.012008 0.969979 0.018013
0.021912 0.971666 0.006422
0.794381 0.034140 0.171479
0.891101 0.019670 0.089229
0.903739 0.012362 0.083898
0.120171 0.877352 0.002477
0.931223 0.031457 0.037320
0.960171 0.026386 0.013443
0.435088 0.331373 0.233538
0.000011 0.999987 0.000002
0.965106 0.005185 0.029709
0.090622 0.908596 0.000782
0.505427 0.440829 0.053744
0.583415 0.350023 0.066562
0.959909 0.030848 0.009243
0.937574 0.006256 0.056170
0.002265 0.790810 0.206925
0.074923 0.924436 0.000640
0.001548 0.996545 0.001907
0.718614 0.015214 0.266172
0.564737 0.092945 0.342319
0.001760 0.968707 0.029534
0.307217 0.684458 0.008325
0.017068 0.982264 0.000668
0.885973 0.089156 0.024871
0.930994 0.017123 0.051883
0.340333 0.578113 0.081554
0.008090 0.987400 0.004510
0.040641 0.646454 0.312905
0.224295 0.162782 0.612923
0.942990 0.017861 0.039149
0.028640 0.943049 0.028311
0.006093 0.982077 0.011830
0.001550 0.996225 0.002224
0.000943 0.996520 0.002537
0.979318 0.020313 0.000369
0.958109 0.034326 0.007565
0.951807 0.003577 0.044617
0.976632 0.020273 0.003095
0.515248 0.458996 0.025755
0.073377 0.002097 0.924526
0.009871 0.719970 0.270159
0.197581 0.729839 0.072581
0.250066 0.723217 0.026718
0.005479 0.986586 0.007935
0.044397 0.949702 0.005901
0.181420 0.681622 0.136958
0.503165 0.168918 0.327917
0.678043 0.225813 0.096143
0.136187 0.009901 0.853912
0.725065 0.003016 0.271919
0.855502 0.106419 0.038080
0.926468 0.011723 0.061809
0.926978 0.029068 0.043954
0.125418 0.872280 0.002302
0.004363 0.995114 0.000523
0.371835 0.599663 0.028502
0.323224 0.649269 0.027507
0.950252 0.026625 0.023123
0.025563 0.432440 0.541997
0.921853 0.023966 0.054181
0.289401 0.707551 0.003048
0.002711 0.996629 0.000661
0.918386 0.076438 0.005176
0.949214 0.008763 0.042024
0.035803 0.687583 0.276614
0.010500 0.989125 0.000375
0.004737 0.990981 0.004282
0.195853 0.764289 0.039858
0.066148 0.922391 0.011461
0.097564 0.897358 0.005078
0.275358 0.118807 0.605835
0.088192 0.152519 0.759289
0.000282 0.998357 0.001361
0.009896 0.003668 0.986436
0.690243 0.081862 0.227895
0.003279 0.937323 0.059398
0.885856 0.007637 0.106507
0.217700 0.782289 0.000012
0.556233 0.057105 0.386662
0.897954 0.077940 0.024106
0.000907 0.939383 0.059710
0.738570 0.078977 0.182453
0.011565 0.981668 0.006767
0.298735 0.700114 0.001151
0.312445 0.536252 0.151303
0.000003 0.999104 0.000893
0.000698 0.994803 0.004499
0.000984 0.974571 0.024445
0.543230 0.021212 0.435558
0.112922 0.799891 0.087187
0.025560 0.833201 0.141240
0.895181 0.081375 0.023443
0.000002 0.977657 0.022341
0.155011 0.806143 0.038846
0.065685 0.929744 0.004571
0.652348 0.099660 0.247992
0.415791 0.582093 0.002116
0.148437 0.849368 0.002195
0.689572 0.267814 0.042614
0.873247 0.014986 0.111767
0.009321 0.990335 0.000344
0.001688 0.995180 0.003132
0.002492 0.997388 0.000120
0.008820 0.987035 0.004145
0.947424 0.047991 0.004586
0.855317 0.009892 0.134791
0.079929 0.894421 0.025650
0.852452 0.012423 0.135125
0.262362 0.051543 0.686096
0.566426 0.110826 0.322748
0.818061 0.028041 0.153898
0.100542 0.881350 0.018109
0.948577 0.008956 0.042467
0.366312 0.622421 0.011266
0.805045 0.141062 0.053893
0.911091 0.084783 0.004125
0.763589 0.000348 0.236063
0.002343 0.997086 0.000571
0.085087 0.701637 0.213276
0.024372 0.975402 0.000226
0.799808 0.174874 0.025318
0.009358 0.985901 0.004740
0.023575 0.974355 0.002070
0.225651 0.733231 0.041118
0.820995 0.160299 0.018706
0.393719 0.301734 0.304547
0.000011 0.999145 0.000844
0.645496 0.132698 0.221806
0.700676 0.095301 0.204023
0.988865 0.010149 0.000986
0.069379 0.910860 0.019761
0.115637 0.873247 0.011116
0.949878 0.016918 0.033204
0.001723 0.997251 0.001026
0.324518 0.603464 0.072018
0.290508 0.693258 0.016234
0.015572 0.948516 0.035912
0.128266 0.050353 0.821381
0.029376 0.885876 0.084748
0.385847 0.016305 0.597848
0.025906 0.401718 0.572377
0.298213 0.684225 0.017562
0.094018 0.428994 0.476988
0.021928 0.977694 0.000378
0.517223 0.259580 0.223197
0.336329 0.659534 0.004137
0.002610 0.993419 0.003971
0.018033 0.981937 0.000030
0.700681 0.007588 0.291731
0.327664 0.127054 0.545281
0.910448 0.029489 0.060063
0.006823 0.992238 0.000938
0.656887 0.195236 0.147876
0.925044 0.001642 0.073314
0.802807 0.006876 0.190317
0.927339 0.066891 0.005770
0.785280 0.204119 0.010602
0.036203 0.910426 0.053371
0.854304 0.027560 0.118136
0.065620 0.008200 0.926180
0.699012 0.181046 0.119942
0.076037 0.923508 0.000454
0.533186 0.072159 0.394655
0.820237 0.136431 0.043332
0.402144 0.508219 0.089637
0.061176 0.921176 0.017648
0.030775 0.901466 0.067759
0.829414 0.033252 0.137335
0.000247 0.999575 0.000178
0.807311 0.078360 0.114328
0.297510 0.690594 0.011896
0.989436 0.007592 0.002972
0.938535 0.037146 0.024319
0.047887 0.091683 0.860431
0.100666 0.059413 0.839921
0.886034 0.060185 0.053781
0.216381 0.782967 0.000652
0.009506 0.953997 0.036496
0.724026 0.274563 0.001411
0.020392 0.978310 0.001298
0.934040 0.054133 0.011827
0.974287 0.019528 0.006186
0.528806 0.319786 0.151408
0.548249 0.004840 0.446911
0.919933 0.002949 0.077119
0.031219 0.040719 0.928062
0.458577 0.502338 0.039085
0.796413 0.131523 0.072064
0.831225 0.003156 0.165619
0.881272 0.014776 0.103952
0.924138 0.040234 0.035629
0.025545 0.969706 0.004749
0.074809 0.897011 0.028179
0.690844 0.259677 0.049479
0.010441 0.974812 0.014747
0.308466 0.666193 0.025340
0.037575 0.961739 0.000687
0.952642 0.046494 0.000864
0.237987 0.397841 0.364172
0.027545 0.970563 0.001892
0.101897 0.896391 0.001712
0.007179 0.988614 0.004208
0.099614 0.894584 0.005802
0.022849 0.945934 0.031217
0.814686 0.008682 0.176632
0.920087 0.065847 0.014066
0.988468 0.009973 0.001559
0.440491 0.003442 0.556066
0.818577 0.089577 0.091846
0.065525 0.933872 0.000603
0.294429 0.669843 0.035728
0.838489 0.113003 0.048508
0.611049 0.035059 0.353891
0.857204 0.133796 0.009000
0.857059 0.087282 0.055658
0.955541 0.004351 0.040108
0.429738 0.518096 0.052166
0.000792 0.925525 0.073682
0.005241 0.990908 0.003852
0.000083 0.999467 0.000450
0.071672 0.011730 0.916598
0.659373 0.039825 0.300803
0.000025 0.655828 0.344147
0.009862 0.989677 0.000461
0.024806 0.971060 0.004134
0.817501 0.177752 0.004747
0.002188 0.997639 0.000173
0.019303 0.974842 0.005855
0.097602 0.437978 0.464420
0.110901 0.880390 0.008709
0.906093 0.092067 0.001840
0.093957 0.906036 0.000008
0.702300 0.166950 0.130750
0.118490 0.094231 0.787278
0.207449 0.005944 0.786607
0.001741 0.930943 0.067317
0.026446 0.036515 0.937039
0.732604 0.001876 0.265520
0.630671 0.155175 0.214154
0.020446 0.971737 0.007817
0.947119 0.031662 0.021219
0.875985 0.121343 0.002672
0.817981 0.053080 0.128939
0.112656 0.886123 0.001221
0.048980 0.943084 0.007936
0.853496 0.143925 0.002579
0.924670 0.062403 0.012928
0.014759 0.981627 0.003614
0.415062 0.172409 0.412528
0.003302 0.989439 0.007259
0.000897 0.998443 0.000660
0.083155 0.914983 0.001863
0.654893 0.326260 0.018846
0.658546 0.292849 0.048605
0.000176 0.999808 0.000016
0.020112 0.979861 0.000027
0.342856 0.646761 0.010384
0.895260 0.100587 0.004153
0.019953 0.979195 0.000851
0.693868 0.057570 0.248562
0.841362 0.147928 0.010710
0.001260 0.998594 0.000145
0.264943 0.521030 0.214027
0.257727 0.130843 0.611430
0.877778 0.010545 0.111677
0.805772 0.021885 0.172343
0.788934 0.091060 0.120006
0.001148 0.998685 0.000167
0.380436 0.453442 0.166122
0.026391 0.135645 0.837964
0.110595 0.842129 0.047276
0.012681 0.985122 0.002198
0.004199 0.948827 0.046974
0.601884 0.368875 0.029241
0.853718 0.028258 0.118024
0.892842 0.002823 0.104335
0.695323 0.044131 0.260545
0.034018 0.965960 0.000022
0.000695 0.998267 0.001038
0.774103 0.070828 0.155068
0.039661 0.943665 0.016674
0.950008 0.037479 0.012513
0.022792 0.976191 0.001017
0.000374 0.999595 0.000031
0.624183 0.329757 0.046061
0.529157 0.001243 0.469600
0.712984 0.168183 0.118834
0.754406 0.174774 0.070821
0.834512 0.152342 0.013147
0.884706 0.082749 0.032545
0.309984 0.454238 0.235778
0.631242 0.018960 0.349797
0.929478 0.068141 0.002382
0.094061 0.638498 0.267440
0.002193 0.990302 0.007505
0.004631 0.983797 0.011572
0.006246 0.993624 0.000130
0.598218 0.271007 0.130774
0.887258 0.061570 0.051173
0.907059 0.009997 0.082944
0.947897 0.018203 0.033900
0.560662 0.065836 0.373502
0.595616 0.250858 0.153526
0.666727 0.067459 0.265814
0.508164 0.457469 0.034367
0.128854 0.870118 0.001027
0.912464 0.032156 0.055380
0.002892 0.915296 0.081813
0.579518 0.006705 0.413777
0.241356 0.081785 0.676860
0.000050 0.994929 0.005022
0.033275 0.941791 0.024933
0.885164 0.034742 0.080095
0.357703 0.618649 0.023649
0.000199 0.999737 0.000063
0.509930 0.489347 0.000723
0.065342 0.914448 0.020210
0.199366 0.785510 0.015124
0.000795 0.999170 0.000035
0.448122 0.538430 0.013448
0.064470 0.924989 0.010541
0.075260 0.873852 0.050888
0.078332 0.921366 0.000302
0.770855 0.046385 0.182760
0.000184 0.999541 0.000275
0.915025 0.054571 0.030405
0.023146 0.976264 0.000590
0.233267 0.047821 0.718913
0.946653 0.032955 0.020391
0.009433 0.989742 0.000826
0.345320 0.496540 0.158141
0.750286 0.137382 0.112332
0.158673 0.271213 0.570114
0.017480 0.982461 0.000059
0.945064 0.052123 0.002814
0.012252 0.986792 0.000956
0.131336 0.827064 0.041600
0.736211 0.140279 0.123510
0.754287 0.003819 0.241894
0.014321 0.983355 0.002325
0.002390 0.996066 0.001544
0.084111 0.912355 0.003534
0.287032 0.673235 0.039733
0.469792 0.513297 0.016911
0.020582 0.770227 0.209192
0.922159 0.072872 0.004969
0.850088 0.023392 0.126520
0.539384 0.293337 0.167279
0.034374 0.964518 0.001108
0.012373 0.984397 0.003229
0.874872 0.109835 0.015294
0.359828 0.118447 0.521724
0.631780 0.364715 0.003505
0.012764 0.961696 0.025540
0.029199 0.966552 0.004249
0.003070 0.979322 0.017608
0.199783 0.799916 0.000301
0.048554 0.939807 0.011639
0.700860 0.271562 0.027578
0.000051 0.999862 0.000087
0.001937 0.993580 0.004484
0.008489 0.991210 0.000301
0.438754 0.514337 0.046909
0.763488 0.030825 0.205687
0.166185 0.655098 0.178717
0.021336 0.978544 0.000120
0.848513 0.026533 0.124954
0.017395 0.030664 0.951941
0.001317 0.998314 0.000369
0.255571 0.062211 0.682218
0.356679 0.030842 0.612479
0.849028 0.019015 0.131957
0.928652 0.052811 0.018536
0.702462 0.244084 0.053454
0.044557 0.955332 0.000111
0.001572 0.998368 0.000060
0.036703 0.963256 0.000042
0.945268 0.005417 0.049315
0.356043 0.499288 0.144669
0.002208 0.997618 0.000174
0.007033 0.090147 0.902820
0.008054 0.949089 0.042857
0.054923 0.902267 0.042810
0.621472 0.221308 0.157220
0.007819 0.978522 0.013659
0.051644 0.943936 0.004421
0.020728 0.978690 0.000582
0.024401 0.975460 0.000139
0.176735 0.814376 0.008889
0.000552 0.999313 0.000135
0.743186 0.069982 0.186832
0.060727 0.939178 0.000094
0.981686 0.012200 0.006114
0.073962 0.920354 0.005684
0.508391 0.491447 0.000162
0.021380 0.952857 0.025763
0.003986 0.990600 0.005414
0.271445 0.615563 0.112992
0.715401 0.117779 0.166820
0.094339 0.810697 0.094964
0.000525 0.997726 0.001749
0.840614 0.013827 0.145559
0.846959 0.037273 0.115768
0.009358 0.948748 0.041894
0.941758 0.031724 0.026518
0.002469 0.997500 0.000031
0.014128 0.985017 0.000855
0.271542 0.663608 0.064850
0.043531 0.122783 0.833686
0.018823 0.024453 0.956724
0.673682 0.227998 0.098320
0.858964 0.125981 0.015055
0.007950 0.991356 0.000694
0.002515 0.965141 0.032344
0.963955 0.035442 0.000603
0.000569 0.998712 0.000718
0.957000 0.002382 0.040618
0.002289 0.653593 0.344118
0.786262 0.211312 0.002426
0.981156 0.005755 0.013089
0.979790 0.007674 0.012536
0.001957 0.997276 0.000767
0.010466 0.978144 0.011390
0.002983 0.934942 0.062075
0.918715 0.035629 0.045656
0.741947 0.099486 0.158568
0.002566 0.980566 0.016868
0.890192 0.103513 0.006295
0.142141 0.853445 0.004414
0.007859 0.991973 0.000168
0.268145 0.368691 0.363163
0.142219 0.785913 0.071868
0.912411 0.050392 0.037198
0.935569 0.024352 0.040080
0.479511 0.489808 0.030681
0.003033 0.053548 0.943420
0.050414 0.917752 0.031834
0.458091 0.099322 0.442586
0.733849 0.143561 0.122590
0.978489 0.011052 0.010459
0.731413 0.001746 0.266841
0.512903 0.109013 0.378084
0.000943 0.999024 0.000033
0.701083 0.289043 0.009873
0.133792 0.066820 0.799388
0.068362 0.930974 0.000664
0.000137 0.999759 0.000104
0.899259 0.082700 0.018041
0.465361 0.246743 0.287896
0.006173 0.993210 0.000617
0.065540 0.919272 0.015187
0.001346 0.992200 0.006454
0.000024 0.999905 0.000070
0.942941 0.055902 0.001156
0.034934 0.962416 0.002651
0.925174 0.054131 0.020695
0.232112 0.593966 0.173921
0.251912 0.745314 0.002774
0.052892 0.899511 0.047596
0.002715 0.996892 0.000393
0.589581 0.082626 0.327793
0.085184 0.914323 0.000493
0.287190 0.033227 0.679584
0.434939 0.444822 0.120239
0.000166 0.998350 0.001484
0.000567 0.996823 0.002610
0.761152 0.137008 0.101839
0.825616 0.044222 0.130162
0.008100 0.970957 0.020943
0.199051 0.791033 0.009917
0.920871 0.037905 0.041224
0.874170 0.013748 0.112083
0.002493 0.996542 0.000965
0.019717 0.956325 0.023958
0.137490 0.856472 0.006038
0.599102 0.035306 0.365592
0.936687 0.058408 0.004905
0.967455 0.016624 0.015921
0.783369 0.085736 0.130895
0.660282 0.015337 0.324381
0.886863 0.067490 0.045647
0.709110 0.176741 0.114149
0.029524 0.968485 0.001991
0.072379 0.029854 0.897767
0.052554 0.946671 0.000775
0.271459 0.589828 0.138713
0.917107 0.035285 0.047608
0.931021 0.009281 0.059699
0.230295 0.767460 0.002245
0.008964 0.990170 0.000866
0.665917 0.021455 0.312629
0.020303 0.877229 0.102468
0.149127 0.845830 0.005043
0.933353 0.009547 0.057099
0.160214 0.834295 0.005491
0.874758 0.013052 0.112189
0.952616 0.036493 0.010891
0.003592 0.995437 0.000971
0.000187 0.998395 0.001417
0.019776 0.975368 0.004856
0.004575 0.994736 0.000690
0.797490 0.117550 0.084960
0.896754 0.098133 0.005113
0.748777 0.150271 0.100952
0.855891 0.114166 0.029943
0.206741 0.789788 0.003471
0.974391 0.001620 0.023989
0.001454 0.998099 0.000448
0.910027 0.000846 0.089128
0.830794 0.027512 0.141694
0.236773 0.735915 0.027313
0.080874 0.839983 0.079144
0.728868 0.119016 0.152115
0.004789 0.993248 0.001963
0.648304 0.235192 0.116503
0.821604 0.012611 0.165785
0.310749 0.103929 0.585321
0.924742 0.012947 0.062311
0.010395 0.989156 0.000448
0.478744 0.505495 0.015760
0.026207 0.834653 0.139140
0.320085 0.677867 0.002048
0.038781 0.923317 0.037903
0.955572 0.031376 0.013052
0.000241 0.998734 0.001025
0.417903 0.579741 0.002356
0.968207 0.006169 0.025624
0.931277 0.067102 0.001621
0.920745 0.051776 0.027479
0.012274 0.987228 0.000497
0.979178 0.007195 0.013628
0.161412 0.001448 0.837139
0.580494 0.237928 0.181578
0.852950 0.026906 0.120143
0.807542 0.001170 0.191288
0.847842 0.120348 0.031810
0.030255 0.969003 0.000743
0.631915 0.286536 0.081549
0.706532 0.207656 0.085812
0.025601 0.017831 0.956567
0.961389 0.023817 0.014794
0.622452 0.027597 0.349951
0.963124 0.015274 0.021602
0.828576 0.003614 0.167810
0.001192 0.896383 0.102425
0.970579 0.024477 0.004944
0.282765 0.016812 0.700423
0.000573 0.998984 0.000443
0.333893 0.619233 0.046873
0.964591 0.000676 0.034733
0.960820 0.034329 0.004851
0.949833 0.027318 0.022849
0.080907 0.026942 0.892151
0.000045 0.922739 0.077216
0.610765 0.003160 0.386075
0.621685 0.280716 0.097599
0.066853 0.892028 0.041119
0.328919 0.656196 0.014885
0.119108 0.858204 0.022688
0.000015 0.989296 0.010689
0.269595 0.725527 0.004878
0.774291 0.010801 0.214908
0.001922 0.998033 0.000045
0.153778 0.844623 0.001600
0.125523 0.006820 0.867657
0.076005 0.056023 0.867973
0.669006 0.229031 0.101962
0.926925 0.021551 0.051524
0.006609 0.980281 0.013110
0.029750 0.842239 0.128011
0.412881 0.577552 0.009566
0.024706 0.974432 0.000862
0.032776 0.965880 0.001344
0.070837 0.002335 0.926827
0.003242 0.050982 0.945776
0.849740 0.146399 0.003860
0.075085 0.887090 0.037825
0.298724 0.698843 0.002433
0.004265 0.988760 0.006974
0.129926 0.850466 0.019608
0.932459 0.066962 0.000579
0.069188 0.886186 0.044626
0.804301 0.078429 0.117270
0.435522 0.117016 0.447462
0.915005 0.050954 0.034041
0.713047 0.047155 0.239798
0.011528 0.980865 0.007607
0.834412 0.103022 0.062567
0.882326 0.061418 0.056256
0.855828 0.143639 0.000534
0.884381 0.073494 0.042124
0.003065 0.977737 0.019199
0.170113 0.826851 0.003036
0.019412 0.979427 0.001161
0.295976 0.021940 0.682084
0.149320 0.830849 0.019831
0.051860 0.946035 0.002105
0.968818 0.006462 0.024720
0.840130 0.145490 0.014380
0.006917 0.650138 0.342945
0.003145 0.996800 0.000055
0.959986 0.002887 0.037127
0.052963 0.945269 0.001767
0.038011 0.961172 0.000817
0.631242 0.286939 0.081819
0.113763 0.847388 0.038849
0.003238 0.977386 0.019376
0.001962 0.994563 0.003474
0.422191 0.061467 0.516342
0.961257 0.025034 0.013709
0.154402 0.837616 0.007982
0.142445 0.000599 0.856956
0.038470 0.798483 0.163048
0.243057 0.697836 0.059107
0.808373 0.112056 0.079571
0.712965 0.096253 0.190782
0.005844 0.993631 0.000525
0.002934 0.996863 0.000203
0.782376 0.019297 0.198328
0.039976 0.792825 0.167199
0.119148 0.878606 0.002247
0.892500 0.082515 0.024984
0.278397 0.696571 0.025032
0.934694 0.063900 0.001406
0.858250 0.117342 0.024408
0.920853 0.006941 0.072206
0.911150 0.055621 0.033230
0.916210 0.067591 0.016199
0.860999 0.050778 0.088223
0.002587 0.995398 0.002015
0.900446 0.044643 0.054911
0.156850 0.039818 0.803332
0.617622 0.120467 0.261911
0.011549 0.988217 0.000234
0.039197 0.001673 0.959130
0.950371 0.041300 0.008328
0.086341 0.867246 0.046414
0.161237 0.829816 0.008947
0.938608 0.008762 0.052630
0.573463 0.021330 0.405206
0.119789 0.082714 0.797498
0.001236 0.982836 0.015928
0.069527 0.924029 0.006444
0.829036 0.170329 0.000635
0.000299 0.998757 0.000944
0.969084 0.018376 0.012540
0.938370 0.060725 0.000905
0.094037 0.900542 0.005421
0.046826 0.953054 0.000120
0.794096 0.047465 0.158439
0.517143 0.058823 0.424034
0.394119 0.330960 0.274921
0.804174 0.165123 0.030703
0.158942 0.832704 0.008354
0.196778 0.689145 0.114077
0.046157 0.856136 0.097707
0.003196 0.991761 0.005043
0.003068 0.940148 0.056783
0.956249 0.003612 0.040138
0.004326 0.981747 0.013927
0.645462 0.313421 0.041117
0.000254 0.871404 0.128341
0.002390 0.987662 0.009948
0.934116 0.001065 0.064819
0.022691 0.960329 0.016980
0.000556 0.998906 0.000538
0.291212 0.633644 0.075144
0.071016 0.927695 0.001290
0.228057 0.771582 0.000362
0.029818 0.863037 0.107145
0.941076 0.035782 0.023142
0.333440 0.380356 0.286203
0.838041 0.139382 0.022577
0.413924 0.524827 0.061249
0.127570 0.795449 0.076981
0.764516 0.023166 0.212318
0.036958 0.945172 0.017870
0.890722 0.071590 0.037688
0.953249 0.000553 0.046198
0.214847 0.771817 0.013336
0.021325 0.748782 0.229893
0.000904 0.998845 0.000251
0.002133 0.982673 0.015193
0.000873 0.998883 0.000244
0.043593 0.553542 0.402865
0.904435 0.093874 0.001691
0.085199 0.064671 0.850130
0.926049 0.006478 0.067473
0.263324 0.724501 0.012175
0.576457 0.003479 0.420063
0.938259 0.011365 0.050376
0.926473 0.073436 0.000091
0.027385 0.723116 0.249499
0.985555 0.011286 0.003159
0.012273 0.982306 0.005421
0.678542 0.310023 0.011436
0.034272 0.825367 0.140361
0.166431 0.127417 0.706152
0.766478 0.073542 0.159980
0.875078 0.066974 0.057949
0.587793 0.168261 0.243946
0.049938 0.033815 0.916246
0.101969 0.096045 0.801986
0.050587 0.948731 0.000682
0.011283 0.978814 0.009902
0.701175 0.293764 0.005060
0.000007 0.999945 0.000048
0.864004 0.117570 0.018425
0.000014 0.997931 0.002055
0.173627 0.052213 0.774161
0.909545 0.062487 0.027968
0.891257 0.107920 0.000824
0.052932 0.933279 0.013789
0.731649 0.211946 0.056405
0.961490 0.006318 0.032192
0.892328 0.102469 0.005203
0.111505 0.842851 0.045644
0.125698 0.873708 0.000594
0.973904 0.017135 0.008961
0.000395 0.999542 0.000063
0.966871 0.017920 0.015208
0.946198 0.002307 0.051495
0.173895 0.664386 0.161718
0.521953 0.437378 0.040669
0.093263 0.009240 0.897498
0.975745 0.024235 0.000020
0.028166 0.970112 0.001722
0.944200 0.011072 0.044727
0.973337 0.003103 0.023560
0.136212 0.118863 0.744925
0.091110 0.898490 0.010400
0.954813 0.017962 0.027225
0.044630 0.954874 0.000497
0.894366 0.101000 0.004633
0.955986 0.005716 0.038298
0.060232 0.912118 0.027650
0.969502 0.016000 0.014498
0.733833 0.254664 0.011503
0.142923 0.553530 0.303547
0.969732 0.023948 0.006319
0.000002 0.999502 0.000496
0.099733 0.897175 0.003092
0.106318 0.893360 0.000322
0.001348 0.995614 0.003038
0.865745 0.117813 0.016442
0.031290 0.968403 0.000307
0.758723 0.143593 0.097684
0.141833 0.855417 0.002750
0.000270 0.999685 0.000045
0.001316 0.814803 0.183881
0.064837 0.859657 0.075506
0.192699 0.807014 0.000288
0.776215 0.220867 0.002918
0.310937 0.681353 0.007710
0.041117 0.958082 0.000801
0.913788 0.036365 0.049847
0.022680 0.966451 0.010870
0.554110 0.133953 0.311937
0.000212 0.999298 0.000491
0.510750 0.484421 0.004829
0.033619 0.841446 0.124935
0.931302 0.066991 0.001707
0.196371 0.800520 0.003108
0.381207 0.224420 0.394373
0.912356 0.025398 0.062246
0.046720 0.943365 0.009914
0.492348 0.502075 0.005577
0.017303 0.981639 0.001057
0.159195 0.839427 0.001378
0.774348 0.002357 0.223295
0.300357 0.510002 0.189641
0.166529 0.830225 0.003246
0.000166 0.999826 0.000008
0.103415 0.886129 0.010455
0.794770 0.035317 0.169913
0.980529 0.010537 0.008934
0.000172 0.999364 0.000463
0.883862 0.113499 0.002639
0.027551 0.972046 0.000403
0.024769 0.974047 0.001184
0.306403 0.131345 0.562252
0.000649 0.999110 0.000241
0.306333 0.025697 0.667969
0.000397 0.987710 0.011893
0.008976 0.988990 0.002033
0.041880 0.933020 0.025100
0.814759 0.018103 0.167138
0.578555 0.421313 0.000132
0.055383 0.944324 0.000293
0.020915 0.978654 0.000431
0.004319 0.560303 0.435378
0.000754 0.612660 0.386586
0.066004 0.912227 0.021769
0.012321 0.959179 0.028499
0.294300 0.703638 0.002061
0.223181 0.772580 0.004239
0.985348 0.007593 0.007059
0.000145 0.989942 0.009913
0.270377 0.003906 0.725717
0.106753 0.880056 0.013191
0.040604 0.952644 0.006753
0.344393 0.125330 0.530276
0.126313 0.869819 0.003868
0.000189 0.999652 0.000160
0.112679 0.875476 0.011845
0.030898 0.043844 0.925258
0.075339 0.921000 0.003661
0.006888 0.992749 0.000364
0.021261 0.976544 0.002196
0.008711 0.988761 0.002528
0.001868 0.998106 0.000026
0.046606 0.952687 0.000708
0.908945 0.059990 0.031065
0.922932 0.004143 0.072924
0.001713 0.997824 0.000463
0.030478 0.961940 0.007582
0.002324 0.997212 0.000464
0.013723 0.949840 0.036438
0.208050 0.780595 0.011355
0.891196 0.041154 0.067650
0.664058 0.333086 0.002857
0.798921 0.041064 0.160016
0.000668 0.995416 0.003917
0.289293 0.046434 0.664273
0.009282 0.985445 0.005273
0.059288 0.815394 0.125318
0.621941 0.373927 0.004131
0.398050 0.032088 0.569863
0.021397 0.012035 0.966568
0.059212 0.934462 0.006325
0.002488 0.997380 0.000133
0.713516 0.285550 0.000934
0.061122 0.710696 0.228182
0.964116 0.031971 0.003913
0.052370 0.942282 0.005348
0.002677 0.972403 0.024920
0.205252 0.783063 0.011686
0.970489 0.002861 0.026650
0.110092 0.884106 0.005802
0.824064 0.007788 0.168148
0.013811 0.984481 0.001708
0.028553 0.967746 0.003702
0.000220 0.999760 0.000020
0.760926 0.036474 0.202600
0.950501 0.007510 0.041990
0.954663 0.022982 0.022356
0.019485 0.960728 0.019787
0.220052 0.371512 0.408436
0.003612 0.996015 0.000373
0.292591 0.020479 0.686930
0.236097 0.707950 0.055953
0.733268 0.023294 0.243438
0.006261 0.866926 0.126813
0.068124 0.006001 0.925876
0.021884 0.977668 0.000448
0.134006 0.865220 0.000774
0.031580 0.961185 0.007235
0.022433 0.930382 0.047184
0.035614 0.963308 0.001078
0.111732 0.887618 0.000650
0.013326 0.971807 0.014867
0.968712 0.002659 0.028629
0.406174 0.574614 0.019212
0.189392 0.677493 0.133116
0.949912 0.009793 0.040296
0.238094 0.723392 0.038514
0.410012 0.581722 0.008267
0.776687 0.011387 0.211926
0.090422 0.904923 0.004655
0.013676 0.981177 0.005147
0.003425 0.872366 0.124209
0.833494 0.162141 0.004365
0.157223 0.160950 0.681827
0.740961 0.201293 0.057746
0.968171 0.018445 0.013384
0.564128 0.413849 0.022023
0.635778 0.358026 0.006196
0.936478 0.055866 0.007656
0.895576 0.046405 0.058019
0.885623 0.039903 0.074474
0.065161 0.934629 0.000211
0.963050 0.035428 0.001521
0.896815 0.041730 0.061456
0.560984 0.436698 0.002317
0.618975 0.043834 0.337191
0.008535 0.984128 0.007337
0.944490 0.032741 0.022769
0.018795 0.878189 0.103016
0.097397 0.901906 0.000698
0.079237 0.008085 0.912678
0.074113 0.925575 0.000312
0.082303 0.915211 0.002486
0.913616 0.084097 0.002287
0.087818 0.911885 0.000297
0.021554 0.975819 0.002627
0.917365 0.027971 0.054665
0.000712 0.999093 0.000196
0.005554 0.813012 0.181434
0.000061 0.994179 0.005761
0.001308 0.990767 0.007925
0.992658 0.001349 0.005993
0.013633 0.982338 0.004029
0.094963 0.896242 0.008795
0.943338 0.032095 0.024567
0.001133 0.997813 0.001054
0.641342 0.022977 0.335682
0.510233 0.403928 0.085839
0.940614 0.041335 0.018051
0.001873 0.997401 0.000725
0.967252 0.005835 0.026913
0.926044 0.059020 0.014936
0.076720 0.868295 0.054985
0.446943 0.207614 0.345443
0.000540 0.999450 0.000010
0.516088 0.362884 0.121029
0.966796 0.000543 0.032661
0.256070 0.062099 0.681831
0.866177 0.117967 0.015856
0.001701 0.992081 0.006218
0.079520 0.877382 0.043098
0.407858 0.013296 0.578847
0.765904 0.066612 0.167484
0.034336 0.943218 0.022446
0.020886 0.961155 0.017958
0.003996 0.995923 0.000081
0.861092 0.137203 0.001705
0.882569 0.005764 0.111667
0.802808 0.150987 0.046205
0.488317 0.509930 0.001753
0.903114 0.014050 0.082835
0.483690 0.436075 0.080234
0.054410 0.944324 0.001266
0.719891 0.025866 0.254243
0.697816 0.300891 0.001293
0.953028 0.033340 0.013631
0.168631 0.740808 0.090561
0.868463 0.118901 0.012636
0.000185 0.999457 0.000358
0.894490 0.080290 0.025220
0.000126 0.999871 0.000003
0.013295 0.771720 0.214985
0.159617 0.837257 0.003125
0.698775 0.215300 0.085926
0.920318 0.024024 0.055658
0.924178 0.043819 0.032003
0.968853 0.020689 0.010458
0.609746 0.375730 0.014524
0.756568 0.239535 0.003897
0.390886 0.553327 0.055786
0.048597 0.946879 0.004524
0.372850 0.606409 0.020741
0.107754 0.821086 0.071160
0.122262 0.872105 0.005633
0.003848 0.996117 0.000034
0.019322 0.978232 0.002447
0.426663 0.549136 0.024201
0.926342 0.043889 0.029769
0.870062 0.106933 0.023004
0.819701 0.179147 0.001152
0.881506 0.041221 0.077273
0.288995 0.644073 0.066932
0.004490 0.995286 0.000224
0.027306 0.932420 0.040273
0.952872 0.034110 0.013018
0.889775 0.047815 0.062410
0.982589 0.009646 0.007765
0.010010 0.989395 0.000595
0.821046 0.156177 0.022777
0.002143 0.995060 0.002797
0.960518 0.029728 0.009755
0.040692 0.945801 0.013507
0.002492 0.810303 0.187205
0.754764 0.095606 0.149630
0.008320 0.991526 0.000154
0.000969 0.998481 0.000550
0.020692 0.944704 0.034605
0.951369 0.021735 0.026896
0.149326 0.144337 0.706336
0.003054 0.996781 0.000165
0.002291 0.980860 0.016848
0.000156 0.994855 0.004990
0.000665 0.990916 0.008419
0.929867 0.040268 0.029864
0.004312 0.995579 0.000110
0.131688 0.756800 0.111511
0.048355 0.950190 0.001455
0.983937 0.012387 0.003676
0.114556 0.874395 0.011049
0.348541 0.207798 0.443661
0.094762 0.900595 0.004643
0.536106 0.054325 0.409570
0.035277 0.334732 0.629991
0.000072 0.999655 0.000274
0.141221 0.823092 0.035686
0.441347 0.554443 0.004209
0.408461 0.590945 0.000594
0.060408 0.009284 0.930308
0.975764 0.009270 0.014966
0.008846 0.002526 0.988629
0.756210 0.162827 0.080963
0.480300 0.249062 0.270638
0.021310 0.977592 0.001098
0.105727 0.824774 0.069498
0.008105 0.912222 0.079673
0.641464 0.338817 0.019719
0.540172 0.229153 0.230676
0.526987 0.023736 0.449277
0.012082 0.981438 0.006481
0.963062 0.034763 0.002175
0.000127 0.999661 0.000212
0.740561 0.046649 0.212790
0.724731 0.002872 0.272397
0.264982 0.248376 0.486642
0.944373 0.032296 0.023330
0.547812 0.331891 0.120297
0.174949 0.153049 0.672002
0.674017 0.313725 0.012258
0.001375 0.996931 0.001694
0.170726 0.795176 0.034098
0.022374 0.975947 0.001679
0.000400 0.976464 0.023136
0.824861 0.019868 0.155271
0.558509 0.091298 0.350193
0.499500 0.081323 0.419177
0.031011 0.958998 0.009991
0.038217 0.045895 0.915888
0.001689 0.985544 0.012768
0.753425 0.210010 0.036565
0.197601 0.735704 0.066695
0.131093 0.852251 0.016656
0.801148 0.120917 0.077935
0.079306 0.877770 0.042923
0.770364 0.000821 0.228815
0.002484 0.994574 0.002941
0.011139 0.979858 0.009003
0.892246 0.082179 0.025575
0.001010 0.996878 0.002112
0.036456 0.963259 0.000284
0.105877 0.861795 0.032328
0.026407 0.931113 0.042480
0.913334 0.085319 0.001347
0.008406 0.991473 0.000121
0.915401 0.023293 0.061306
0.154016 0.593256 0.252727
0.039675 0.959617 0.000708
0.839029 0.096650 0.064321
0.040829 0.958025 0.001147
0.936184 0.031876 0.031940
0.369813 0.392828 0.237358
0.000581 0.997270 0.002149
0.173705 0.817632 0.008663
0.133442 0.865857 0.000700
0.909149 0.033018 0.057833
0.932862 0.023062 0.044076
0.849855 0.079665 0.070480
0.733982 0.063633 0.202385
0.026877 0.956692 0.016431
0.001019 0.994398 0.004582
0.013014 0.914703 0.072283
0.909484 0.024965 0.065551
0.021864 0.973425 0.004711
0.000717 0.921757 0.077526
0.043312 0.951318 0.005370
0.119165 0.880355 0.000481
0.107427 0.815558 0.077015
0.491283 0.459946 0.048771
0.184478 0.031907 0.783615
0.796001 0.002870 0.201129
0.851445 0.014629 0.133927
0.740571 0.121512 0.137918
0.003567 0.994403 0.002031
0.082007 0.900862 0.017132
0.211134 0.011844 0.777022
0.921030 0.010930 0.068040
0.910611 0.056380 0.033010
0.417086 0.278981 0.303933
0.271127 0.714265 0.014608
0.946531 0.038442 0.015027
0.002144 0.955490 0.042366
0.002626 0.916873 0.080502
0.870110 0.111832 0.018058
0.244087 0.626867 0.129047
0.087854 0.910914 0.001231
0.544350 0.118987 0.336663
0.049047 0.743931 0.207022
0.014838 0.984778 0.000384
0.004042 0.990995 0.004962
0.000345 0.985032 0.014623
0.653906 0.168650 0.177444
0.076859 0.907068 0.016074
0.167149 0.721016 0.111834
0.630631 0.369086 0.000283
0.095556 0.873125 0.031318
0.778585 0.092755 0.128660
0.781615 0.108021 0.110364
0.006207 0.991346 0.002447
0.071031 0.926690 0.002279
0.671955 0.015066 0.312979
0.983405 0.000151 0.016443
0.056098 0.752914 0.190987
0.820720 0.001993 0.177287
0.211093 0.755188 0.033718
0.573833 0.308489 0.117677
0.941923 0.056550 0.001527
0.007890 0.989989 0.002121
0.006884 0.993009 0.000107
0.718217 0.036287 0.245496
0.136317 0.861658 0.002025
0.008055 0.983537 0.008408
0.841202 0.078698 0.080100
0.008297 0.987475 0.004228
0.754092 0.245511 0.000397
0.920777 0.058794 0.020429
0.001712 0.998268 0.000020
0.445346 0.541656 0.012998
0.003344 0.995262 0.001394
0.945692 0.008923 0.045385
0.936227 0.012198 0.051575
0.406125 0.019483 0.574392
0.063227 0.834768 0.102005
0.788002 0.003589 0.208409
0.966430 0.013705 0.019865
0.760281 0.054637 0.185082
0.991647 0.003024 0.005328
0.508032 0.405840 0.086128
0.910663 0.046995 0.042342
0.114117 0.699003 0.186880
0.782241 0.125724 0.092035
0.030543 0.963417 0.006039
0.653790 0.330760 0.015450
0.865824 0.072851 0.061325
0.003142 0.995964 0.000894
0.894641 0.101582 0.003778
0.073688 0.889620 0.036692
0.001429 0.998321 0.000249
0.001364 0.998615 0.000021
0.090847 0.875109 0.034044
0.745716 0.238794 0.015490
0.528428 0.021234 0.450338
0.681729 0.316437 0.001834
0.288606 0.068468 0.642925
0.000163 0.999548 0.000290
0.000173 0.999826 0.000001
0.016416 0.910294 0.073290
0.955971 0.015826 0.028203
0.807180 0.189306 0.003514
0.048054 0.951551 0.000395
0.936128 0.012164 0.051708
0.009409 0.990346 0.000246
0.008082 0.991900 0.000017
0.010244 0.989701 0.000055
0.026300 0.617975 0.355726
0.216249 0.045669 0.738083
0.647001 0.277407 0.075593
0.871272 0.116669 0.012059
0.000211 0.998390 0.001399
0.005012 0.985817 0.009171
0.669884 0.307562 0.022554
0.000760 0.999107 0.000133
0.056808 0.216797 0.726395
0.004676 0.990156 0.005168
0.499140 0.065561 0.435299
0.001918 0.997922 0.000160
0.235162 0.323317 0.441521
0.974929 0.011654 0.013417
0.001716 0.738307 0.259977
0.485798 0.417892 0.096310
0.098250 0.825459 0.076291
0.028327 0.941511 0.030162
0.485284 0.018576 0.496139
0.107854 0.891815 0.000331
0.007136 0.981134 0.011730
0.000846 0.999074 0.000080
0.150455 0.838272 0.011273
0.959051 0.028089 0.012860
0.255342 0.642363 0.102295
0.012949 0.987010 0.000041
0.001598 0.998090 0.000312
0.917519 0.009148 0.073334
0.965528 0.032256 0.002216
0.936123 0.045671 0.018206
0.052073 0.940094 0.007833
0.390084 0.183908 0.426008
0.182034 0.021311 0.796654
0.033899 0.961577 0.004523
0.907080 0.002396 0.090523
0.677398 0.314797 0.007806
0.387568 0.344230 0.268202
0.013774 0.956672 0.029554
0.000272 0.999271 0.000457
0.964461 0.008072 0.027467
0.010431 0.989258 0.000311
0.866090 0.133276 0.000635
0.987116 0.011551 0.001333
0.824488 0.000608 0.174904
0.304802 0.008402 0.686795
0.025743 0.974011 0.000246
0.033304 0.951555 0.015141
0.682360 0.075300 0.242339
0.076578 0.920795 0.002627
0.338403 0.017733 0.643864
0.025533 0.973955 0.000512
0.007062 0.990712 0.002226
0.130497 0.834704 0.034799
0.000148 0.999746 0.000105
0.079150 0.919996 0.000853
0.751870 0.245332 0.002798
0.059573 0.887618 0.052809
0.000065 0.999865 0.000071
0.040164 0.957437 0.002399
0.795038 0.201483 0.003479
0.074382 0.918760 0.006858
0.008762 0.328794 0.662444
0.004320 0.994110 0.001570
0.150155 0.844992 0.004852
0.165875 0.032481 0.801644
0.180808 0.051187 0.768005
0.002025 0.991071 0.006904
0.526482 0.421689 0.051829
0.000037 0.997927 0.002035
0.919360 0.066862 0.013778
0.162112 0.837309 0.000579
0.579376 0.385650 0.034974
0.967524 0.029016 0.003460
0.047411 0.930031 0.022559
0.048108 0.942335 0.009558
0.237210 0.079413 0.683376
0.073528 0.911069 0.015403
0.977028 0.012987 0.009986
0.878880 0.002046 0.119074
0.594494 0.401386 0.004120
0.000152 0.997396 0.002451
0.930736 0.053537 0.015727
0.043049 0.955525 0.001426
0.912932 0.079028 0.008040
0.271547 0.199771 0.528682
0.801082 0.189349 0.009569
0.020457 0.975735 0.003808
0.106625 0.878958 0.014418
0.061354 0.938515 0.000132
0.000425 0.999418 0.000157
0.001551 0.998246 0.000203
0.034235 0.965376 0.000389
0.973331 0.014792 0.011876
0.884620 0.086874 0.028506
0.784427 0.210798 0.004775
0.414562 0.582472 0.002966
0.014436 0.985494 0.000070
0.019628 0.072700 0.907673
0.019125 0.829103 0.151773
0.904293 0.031135 0.064572
0.846604 0.033284 0.120112
0.898706 0.011936 0.089358
0.717807 0.141911 0.140282
0.001681 0.731888 0.266431
0.971472 0.015609 0.012918
0.897743 0.101814 0.000442
0.922867 0.042907 0.034226
0.421215 0.094749 0.484037
0.362138 0.589477 0.048385
0.000023 0.999669 0.000308
0.009842 0.988738 0.001419
0.068116 0.920463 0.011422
