0.000016 0.999167 0.000817
0.999198 0.000422 0.000380
0.000637 0.998465 0.000898
0.348963 0.649229 0.001808
0.993724 0.003195 0.003080
0.026337 0.973571 0.000092
0.192971 0.549771 0.257258
0.587667 0.046473 0.365860
0.857499 0.017776 0.124725
0.053346 0.946004 0.000650
0.000000 0.999952 0.000048
0.001366 0.993461 0.005174
0.000023 0.999898 0.000079
0.497741 0.001965 0.500293
0.048186 0.065604 0.886210
0.997142 0.002321 0.000537
0.716565 0.162611 0.120824
0.000013 0.999869 0.000117
0.997055 0.001184 0.001761
0.152987 0.845344 0.001669
0.073673 0.926181 0.000146
0.014532 0.048206 0.937261
0.911474 0.064100 0.024426
0.004856 0.993895 0.001249
0.169182 0.822865 0.007953
0.000134 0.991034 0.008832
0.000002 0.999954 0.000044
0.864123 0.065171 0.070706
0.991536 0.000327 0.008136
0.263610 0.716145 0.020245
0.056439 0.897989 0.045572
0.012024 0.987403 0.000573
0.927576 0.001870 0.070554
0.982024 0.007108 0.010867
0.985575 0.000762 0.013663
0.946551 0.003019 0.050430
0.983295 0.000439 0.016267
0.014239 0.983206 0.002555
0.991441 0.001353 0.007206
0.000046 0.999953 0.000001
0.023609 0.467660 0.508731
0.925181 0.072188 0.002631
0.000000 0.999999 0.000001
0.664648 0.301864 0.033488
0.022470 0.880349 0.097181
0.812331 0.097766 0.089903
0.173119 0.823670 0.003210
0.984060 0.004719 0.011221
0.018776 0.002883 0.978341
0.000118 0.999879 0.000003
0.027372 0.756365 0.216263
0.018973 0.000808 0.980219
0.000000 1.000000 0.000000
0.047322 0.055720 0.896958
0.003992 0.995020 0.000989
0.930762 0.006578 0.062660
0.001347 0.995749 0.002904
0.912436 0.010569 0.076995
0.001038 0.979157 0.019804
0.657318 0.297451 0.045231
0.049057 0.946806 0.004137
0.603802 0.316634 0.079564
0.414439 0.567796 0.017765
0.005255 0.979285 0.015460
0.131452 0.857669 0.010879
0.000001 0.999996 0.000003
0.000003 0.999065 0.000933
0.991634 0.000225 0.008141
0.335145 0.663833 0.001022
0.909609 0.000257 0.090134
0.994355 0.001042 0.004602
0.998651 0.000002 0.001348
0.811844 0.012124 0.176031
0.000013 0.985963 0.014024
0.157628 0.779041 0.063331
0.072376 0.875529 0.052095
0.004958 0.995005 0.000037
0.704247 0.179155 0.116598
0.005455 0.991139 0.003406
0.004917 0.977730 0.017353
0.974012 0.000077 0.025911
0.000003 0.999852 0.000146
0.972814 0.016085 0.011101
0.089171 0.908192 0.002638
0.062531 0.937129 0.000340
0.000002 0.999885 0.000113
0.993060 0.003763 0.003176
0.035076 0.941555 0.023369
0.017574 0.981700 0.000726
0.015385 0.978030 0.006585
0.300789 0.695594 0.003617
0.000001 0.999997 0.000002
0.000121 0.999815 0.000064
0.000130 0.986209 0.013661
0.905953 0.069615 0.024433
0.178234 0.816086 0.005681
0.925367 0.068354 0.006280
0.998310 0.000027 0.001663
0.014489 0.000581 0.984930
0.676182 0.302273 0.021545
0.370693 0.091033 0.538273
0.000114 0.999761 0.000125
0.926277 0.062736 0.010986
0.003244 0.995755 0.001002
0.003124 0.996271 0.000605
0.037447 0.001713 0.960840
0.021396 0.829099 0.149505
0.051495 0.011354 0.937151
0.000025 0.998853 0.001123
0.000065 0.994582 0.005353
0.929080 0.057573 0.013347
0.857619 0.130535 0.011846
0.298433 0.001232 0.700335
0.001640 0.998352 0.000008
0.016024 0.045350 0.938626
0.964708 0.032766 0.002526
0.000046 0.998132 0.001821
0.030622 0.966063 0.003315
0.011775 0.986812 0.001413
0.026598 0.972411 0.000991
0.964580 0.029169 0.006251
0.192658 0.783938 0.023404
0.380212 0.007847 0.611941
0.940860 0.016966 0.042173
0.652024 0.281796 0.066180
0.000008 0.999992 0.000001
0.047927 0.950659 0.001414
0.000170 0.999793 0.000036
0.001434 0.998366 0.000200
0.973445 0.002135 0.024420
0.005670 0.994252 0.000078
0.055618 0.918054 0.026328
0.335074 0.650531 0.014394
0.002967 0.996156 0.000877
0.101134 0.887437 0.011429
0.003125 0.994724 0.002151
0.941183 0.009032 0.049785
0.004180 0.001740 0.994080
0.969134 0.000132 0.030733
0.933488 0.002476 0.064036
0.020409 0.977840 0.001752
0.004881 0.994726 0.000393
0.001905 0.998056 0.000039
0.920236 0.013402 0.066362
0.820389 0.164521 0.015090
0.773876 0.193151 0.032973
0.000000 0.999884 0.000116
0.850846 0.118986 0.030168
0.960522 0.004756 0.034722
0.987646 0.001797 0.010556
0.000001 0.999999 0.000000
0.864316 0.092673 0.043010
0.000012 0.999987 0.000000
0.538538 0.458324 0.003138
0.950629 0.035799 0.013572
0.959766 0.015782 0.024452
0.930757 0.042516 0.026727
0.000876 0.998504 0.000620
0.000486 0.998208 0.001306
0.849638 0.092264 0.058098
0.058744 0.011375 0.929881
0.870096 0.099535 0.030369
0.803742 0.044198 0.152060
0.983032 0.010414 0.006553
0.010277 0.143103 0.846619
0.969194 0.008092 0.022714
0.004307 0.995541 0.000152
0.953561 0.039754 0.006685
0.000206 0.949324 0.050470
0.398917 0.558158 0.042925
0.000001 0.997964 0.002035
0.000034 0.999558 0.000408
0.000002 0.999286 0.000712
0.000050 0.994850 0.005100
0.006425 0.980279 0.013295
0.000000 0.999985 0.000015
0.928522 0.061682 0.009796
0.011406 0.988098 0.000497
0.000004 0.999981 0.000014
0.906400 0.020523 0.073077
0.893355 0.104614 0.002031
0.261528 0.173077 0.565395
0.994253 0.001406 0.004341
0.909754 0.071657 0.018589
0.855308 0.002755 0.141937
0.000913 0.997355 0.001732
0.000010 0.999978 0.000012
0.000000 0.999982 0.000018
0.989642 0.000298 0.010060
0.919626 0.077539 0.002835
0.990101 0.000201 0.009698
0.001494 0.994451 0.004054
0.004190 0.984321 0.011489
0.136567 0.652318 0.211115
0.020087 0.004278 0.975636
0.024832 0.974654 0.000513
0.988268 0.009656 0.002077
0.967064 0.030766 0.002170
0.014399 0.973211 0.012390
0.000000 0.999868 0.000132
0.053681 0.944336 0.001983
0.001088 0.998291 0.000621
0.000000 0.999879 0.000120
0.989011 0.003492 0.007497
0.987394 0.000434 0.012172
0.958883 0.033087 0.008030
0.982740 0.007878 0.009383
0.000034 0.996744 0.003222
0.000001 0.999995 0.000004
0.000038 0.991187 0.008775
0.002779 0.996532 0.000689
0.004274 0.995414 0.000312
0.852415 0.048436 0.099150
0.000011 0.999969 0.000020
0.504458 0.491943 0.003600
0.004783 0.994356 0.000860
0.921956 0.021415 0.056629
0.000426 0.964075 0.035500
0.024045 0.975010 0.000945
0.993131 0.001743 0.005126
0.983834 0.000190 0.015976
0.982049 0.001039 0.016912
0.002270 0.997331 0.000399
0.983109 0.010997 0.005894
0.992019 0.004902 0.003079
0.551423 0.445659 0.002918
0.000027 0.999872 0.000101
0.969382 0.018874 0.011744
0.215734 0.779960 0.004306
0.366663 0.626526 0.006811
0.814903 0.154796 0.030301
0.997293 0.000869 0.001838
0.983503 0.015794 0.000703
0.000244 0.974859 0.024897
0.000128 0.999768 0.000104
0.076302 0.908141 0.015557
0.992434 0.001856 0.005710
0.577786 0.368172 0.054042
0.013896 0.974336 0.011769
0.037629 0.961253 0.001118
0.000000 0.999998 0.000001
0.910318 0.088767 0.000914
0.952729 0.005194 0.042077
0.013590 0.376655 0.609755
0.001568 0.976607 0.021825
0.054695 0.800125 0.145180
0.094600 0.004473 0.900927
0.841180 0.137607 0.021213
0.001873 0.997465 0.000661
0.000592 0.990182 0.009225
0.000264 0.999609 0.000127
0.000027 0.997032 0.002941
0.880406 0.115342 0.004252
0.896022 0.035899 0.068079
0.955046 0.019292 0.025662
0.977680 0.007023 0.015297
0.043297 0.948888 0.007815
0.004652 0.000082 0.995265
0.000024 0.993613 0.006363
0.026712 0.968857 0.004431
0.281156 0.708777 0.010067
0.197485 0.797412 0.005103
0.000279 0.998535 0.001186
0.020255 0.931705 0.048040
0.150906 0.016628 0.832465
0.698766 0.025673 0.275561
0.007852 0.004847 0.987301
0.978656 0.000443 0.020901
0.911841 0.005728 0.082431
0.985299 0.009789 0.004912
0.945542 0.008587 0.045871
0.044778 0.944245 0.010977
0.000030 0.999967 0.000003
0.063865 0.923356 0.012779
0.030556 0.968272 0.001172
0.872544 0.039116 0.088340
0.000981 0.012479 0.986540
0.919208 0.073001 0.007790
0.024986 0.973576 0.001438
0.000240 0.999560 0.000200
0.990734 0.005918 0.003348
0.946315 0.011270 0.042415
0.410707 0.346836 0.242457
0.000528 0.999088 0.000384
0.016919 0.978756 0.004325
0.417476 0.574243 0.008281
0.032366 0.966546 0.001088
0.005551 0.992198 0.002251
0.160294 0.003572 0.836134
0.299457 0.054306 0.646237
0.000774 0.997829 0.001397
0.016709 0.054063 0.929228
0.957889 0.001801 0.040310
0.001486 0.915205 0.083309
0.988701 0.000739 0.010560
0.040339 0.959165 0.000496
0.648884 0.023097 0.328019
0.987341 0.009777 0.002882
0.001353 0.995723 0.002924
0.991412 0.004546 0.004041
0.000244 0.998936 0.000820
0.141109 0.851364 0.007527
0.883485 0.071047 0.045467
0.000000 1.000000 0.000001
0.000026 0.999953 0.000021
0.000277 0.974954 0.024768
0.067009 0.012058 0.920933
0.026310 0.971259 0.002431
0.001142 0.951508 0.047349
0.520346 0.011821 0.467833
0.000002 0.994928 0.005071
0.053904 0.934986 0.011111
0.004905 0.995035 0.000060
0.960222 0.000543 0.039235
0.627359 0.360260 0.012381
0.663075 0.334996 0.001928
0.894946 0.028344 0.076710
0.908202 0.005067 0.086731
0.000031 0.999944 0.000025
0.000001 0.999997 0.000002
0.007554 0.992305 0.000141
0.000067 0.998936 0.000998
0.901381 0.046039 0.052580
0.965038 0.007288 0.027674
0.014112 0.985638 0.000249
0.987985 0.000299 0.011716
0.135548 0.003374 0.861078
0.219975 0.187423 0.592602
0.903577 0.073579 0.022845
0.179771 0.813503 0.006726
0.923000 0.010581 0.066418
0.055944 0.895206 0.048851
0.979323 0.018927 0.001751
0.975181 0.022364 0.002455
0.971849 0.004333 0.023818
0.002232 0.992008 0.005760
0.004884 0.987899 0.007217
0.038431 0.947083 0.014486
0.768263 0.209625 0.022112
0.000750 0.998774 0.000475
0.000423 0.999436 0.000141
0.008056 0.991507 0.000437
0.988226 0.010767 0.001006
0.348666 0.558454 0.092880
0.000000 0.999998 0.000002
0.995497 0.003731 0.000772
0.726135 0.261551 0.012314
0.992631 0.003647 0.003722
0.002266 0.997678 0.000055
0.000768 0.999148 0.000084
0.958916 0.033994 0.007089
0.000430 0.998533 0.001037
0.116728 0.865225 0.018048
0.212632 0.760688 0.026679
0.002504 0.995319 0.002176
0.641597 0.319862 0.038540
0.008511 0.908644 0.082845
0.965521 0.001401 0.033078
0.008206 0.711235 0.280559
0.899444 0.082530 0.018026
0.070575 0.220365 0.709061
0.000016 0.999953 0.000031
0.388754 0.572773 0.038473
0.001716 0.997893 0.000390
0.006032 0.982151 0.011817
0.000000 0.999999 0.000001
0.879937 0.000125 0.119939
0.017443 0.243593 0.738964
0.958826 0.020474 0.020700
0.000001 0.999988 0.000012
0.875915 0.001654 0.122432
0.950759 0.000305 0.048936
0.990456 0.003767 0.005777
0.955028 0.033212 0.011759
0.783742 0.205979 0.010279
0.066971 0.906018 0.027010
0.953662 0.000127 0.046211
0.007221 0.012335 0.980445
0.468271 0.381456 0.150273
0.000019 0.999936 0.000044
0.925270 0.065440 0.009290
0.841593 0.026887 0.131520
0.398593 0.582984 0.018423
0.000134 0.997261 0.002604
0.013537 0.985885 0.000579
0.758908 0.020639 0.220453
0.000001 0.999982 0.000018
0.968776 0.017479 0.013745
0.359799 0.551858 0.088342
0.923079 0.076670 0.000251
0.712577 0.255596 0.031826
0.371943 0.149870 0.478186
0.120364 0.029520 0.850115
0.817016 0.116944 0.066040
0.061824 0.936747 0.001430
0.000001 0.999839 0.000160
0.977181 0.021905 0.000914
0.003713 0.979186 0.017101
0.991607 0.007239 0.001153
0.901986 0.027408 0.070606
0.787110 0.185033 0.027857
0.144571 0.022701 0.832729
0.992086 0.004610 0.003304
0.100205 0.012659 0.887136
0.509038 0.396704 0.094258
0.892068 0.001474 0.106458
0.895272 0.001129 0.103598
0.872910 0.008272 0.118818
0.879032 0.021879 0.099089
0.000104 0.999880 0.000016
0.076575 0.904092 0.019332
0.970520 0.011714 0.017766
0.007424 0.992235 0.000340
0.020500 0.974817 0.004683
0.004339 0.994784 0.000877
0.964073 0.029942 0.005985
0.697299 0.100255 0.202446
0.002817 0.997042 0.000142
0.004195 0.995628 0.000177
0.000000 0.999995 0.000004
0.003486 0.995171 0.001343
0.085894 0.912582 0.001524
0.895875 0.000081 0.104044
0.912830 0.008277 0.078892
0.984844 0.013418 0.001738
0.037749 0.007952 0.954299
0.821152 0.175816 0.003032
0.018558 0.981251 0.000191
0.102038 0.897923 0.000038
0.949706 0.016805 0.033489
0.757338 0.000515 0.242147
0.890640 0.048955 0.060405
0.945322 0.038643 0.016034
0.994924 0.000202 0.004874
0.813808 0.154300 0.031893
0.000000 0.999984 0.000016
0.000256 0.996782 0.002961
0.000066 0.997680 0.002255
0.071090 0.000324 0.928586
0.009469 0.002260 0.988271
0.000336 0.657682 0.341982
0.000721 0.997993 0.001286
0.004594 0.873348 0.122058
0.900130 0.098242 0.001628
0.011472 0.988289 0.000239
0.011084 0.983470 0.005446
0.186828 0.125788 0.687384
0.060192 0.928975 0.010833
0.987649 0.011789 0.000563
0.001480 0.998482 0.000038
0.036444 0.849582 0.113974
0.376087 0.022415 0.601498
0.204848 0.030065 0.765087
0.037019 0.937146 0.025835
0.002257 0.013903 0.983840
0.906040 0.000533 0.093427
0.904252 0.020783 0.074965
0.001820 0.994142 0.004038
0.875182 0.109872 0.014946
0.841695 0.011533 0.146772
0.907501 0.039613 0.052886
0.083887 0.914603 0.001510
0.000138 0.999477 0.000385
0.695150 0.303235 0.001615
0.862089 0.011338 0.126573
0.002555 0.997189 0.000257
0.106173 0.001854 0.891973
0.000203 0.999761 0.000036
0.000005 0.999981 0.000014
0.025977 0.973575 0.000448
0.386343 0.597908 0.015749
0.155157 0.842488 0.002355
0.000002 0.999977 0.000021
0.000003 0.999930 0.000067
0.002644 0.997177 0.000179
0.969512 0.030343 0.000145
0.001395 0.996149 0.002456
0.986779 0.002071 0.011150
0.926383 0.016459 0.057157
0.000000 1.000000 0.000000
0.131873 0.511875 0.356251
0.749319 0.221307 0.029374
0.780210 0.001067 0.218723
0.743601 0.001308 0.255091
0.905740 0.068346 0.025913
0.000059 0.997444 0.002497
0.144889 0.171195 0.683916
0.013228 0.005189 0.981583
0.137326 0.852691 0.009983
0.000042 0.999955 0.000002
0.001295 0.835667 0.163038
0.386436 0.470361 0.143203
0.962040 0.029766 0.008194
0.948398 0.000050 0.051552
0.920598 0.003656 0.075746
0.000676 0.999032 0.000292
0.000005 0.999385 0.000610
0.984197 0.000169 0.015634
0.026718 0.953459 0.019823
0.784728 0.007255 0.208017
0.000048 0.999905 0.000047
0.000000 1.000000 0.000000
0.948541 0.038588 0.012871
0.942228 0.005665 0.052107
0.481039 0.421246 0.097715
0.817131 0.174143 0.008726
0.980784 0.005305 0.013911
0.987864 0.005686 0.006451
0.448813 0.513292 0.037895
0.677215 0.060578 0.262207
0.954461 0.044278 0.001261
0.022234 0.823515 0.154251
0.000015 0.999424 0.000560
0.000000 0.999954 0.000045
0.000055 0.999870 0.000075
0.789383 0.162840 0.047777
0.980558 0.014564 0.004878
0.994085 0.005712 0.000202
0.880878 0.013375 0.105747
0.958150 0.001024 0.040826
0.089815 0.008385 0.901800
0.106532 0.001501 0.891967
0.684362 0.310493 0.005145
0.011227 0.988242 0.000531
0.997877 0.000063 0.002060
0.004125 0.920576 0.075299
0.924981 0.000120 0.074899
0.053942 0.011312 0.934746
0.000000 0.999960 0.000040
0.000155 0.998544 0.001301
0.963669 0.033482 0.002848
0.893285 0.103320 0.003395
0.000316 0.997749 0.001935
0.358180 0.595379 0.046442
0.247897 0.747794 0.004309
0.005113 0.957445 0.037442
0.000000 0.999996 0.000004
0.409289 0.590039 0.000672
0.018976 0.973193 0.007831
0.009379 0.968808 0.021813
0.000466 0.999480 0.000054
0.657194 0.042771 0.300035
0.000000 0.999817 0.000183
0.978750 0.007682 0.013568
0.065768 0.901312 0.032919
0.248200 0.003802 0.747998
0.987973 0.008338 0.003689
0.002402 0.996261 0.001337
0.244539 0.743465 0.011996
0.987471 0.001599 0.010930
0.119168 0.869663 0.011169
0.000001 0.999998 0.000001
0.990267 0.007099 0.002635
0.000008 0.999966 0.000027
0.470652 0.522537 0.006810
0.929345 0.002694 0.067961
0.978056 0.000009 0.021935
0.001099 0.988620 0.010281
0.000000 0.999929 0.000071
0.087008 0.912740 0.000251
0.000024 0.999824 0.000153
0.113661 0.786388 0.099951
0.055182 0.932037 0.012781
0.988194 0.010576 0.001230
0.871983 0.014914 0.113103
0.082088 0.905984 0.011927
0.014171 0.977233 0.008597
0.007502 0.987941 0.004557
0.898622 0.041321 0.060057
0.841150 0.004286 0.154564
0.240021 0.758693 0.001286
0.000060 0.982689 0.017251
0.023251 0.902425 0.074324
0.000622 0.996713 0.002665
0.097394 0.900329 0.002277
0.004890 0.994959 0.000150
0.659067 0.260534 0.080399
0.000049 0.999595 0.000356
0.000106 0.999332 0.000562
0.000005 0.999838 0.000157
0.208685 0.786939 0.004376
0.990981 0.007665 0.001353
0.151470 0.840134 0.008396
0.187324 0.810785 0.001891
0.997822 0.000085 0.002093
0.012942 0.074647 0.912411
0.001167 0.998422 0.000411
0.042313 0.019443 0.938243
0.465488 0.007633 0.526879
0.829544 0.057893 0.112563
0.947087 0.043468 0.009445
0.717298 0.278150 0.004552
0.008431 0.991269 0.000300
0.000000 1.000000 0.000000
0.030707 0.960796 0.008497
0.932145 0.000179 0.067677
0.717730 0.180125 0.102144
0.000742 0.998841 0.000417
0.010860 0.173428 0.815713
0.000001 0.999461 0.000538
0.003248 0.977932 0.018820
0.055945 0.937954 0.006101
0.010493 0.988376 0.001130
0.000000 0.999993 0.000007
0.000363 0.994690 0.004946
0.040711 0.954141 0.005148
0.073313 0.871746 0.054941
0.000004 0.999331 0.000664
0.912721 0.016384 0.070895
0.087101 0.912270 0.000629
0.996988 0.001034 0.001979
0.000973 0.997877 0.001149
0.159810 0.840001 0.000189
0.000382 0.998865 0.000753
0.001822 0.997274 0.000904
0.041252 0.925310 0.033438
0.712116 0.276080 0.011804
0.055767 0.584800 0.359433
0.000000 0.999999 0.000001
0.803962 0.118807 0.077231
0.914601 0.060409 0.024989
0.052669 0.690304 0.257028
0.907743 0.080547 0.011709
0.000723 0.999062 0.000215
0.000459 0.996791 0.002751
0.009022 0.988984 0.001994
0.220355 0.351775 0.427870
0.007358 0.001312 0.991330
0.978856 0.006115 0.015029
0.961779 0.037143 0.001078
0.000734 0.999050 0.000216
0.000007 0.999782 0.000210
0.981157 0.016126 0.002717
0.000012 0.999138 0.000850
0.990053 0.000723 0.009224
0.003535 0.820736 0.175729
0.015458 0.983844 0.000698
0.994361 0.001496 0.004143
0.961442 0.029452 0.009106
0.000355 0.996414 0.003231
0.002793 0.981616 0.015591
0.010501 0.970571 0.018928
0.842658 0.044919 0.112423
0.936021 0.029453 0.034526
0.001122 0.998336 0.000542
0.989078 0.010345 0.000577
0.010041 0.988653 0.001306
0.001869 0.997135 0.000996
0.041778 0.769675 0.188547
0.095248 0.523165 0.381588
0.902266 0.000668 0.097066
0.574434 0.017527 0.408040
0.110814 0.838590 0.050596
0.003494 0.008182 0.988325
0.046460 0.948467 0.005073
0.978840 0.002224 0.018936
0.729397 0.183014 0.087589
0.988154 0.000108 0.011738
0.946369 0.003686 0.049945
0.695805 0.131536 0.172659
0.000001 0.999712 0.000287
0.300676 0.698849 0.000475
0.075148 0.040630 0.884222
0.000032 0.999491 0.000477
0.000000 0.999534 0.000465
0.986924 0.008395 0.004681
0.096955 0.162848 0.740197
0.007862 0.991848 0.000289
0.099972 0.876621 0.023407
0.005259 0.980443 0.014298
0.000001 0.999173 0.000827
0.877033 0.072882 0.050085
0.050878 0.947304 0.001818
0.992083 0.005977 0.001940
0.209039 0.738454 0.052506
0.198625 0.665282 0.136092
0.000258 0.999730 0.000012
0.000021 0.999820 0.000159
0.959423 0.017984 0.022592
0.120281 0.852397 0.027323
0.133577 0.003740 0.862684
0.586061 0.405029 0.008910
0.000000 0.999979 0.000020
0.000051 0.999664 0.000286
0.913305 0.078525 0.008170
0.509316 0.032797 0.457886
0.000135 0.999788 0.000077
0.455892 0.542374 0.001734
0.978553 0.008609 0.012838
0.940777 0.013150 0.046072
0.000241 0.999434 0.000325
0.001405 0.996895 0.001700
0.092055 0.903911 0.004034
0.978157 0.004164 0.017679
0.893687 0.091907 0.014406
0.990343 0.007931 0.001725
0.960006 0.028309 0.011685
0.995003 0.000446 0.004551
0.748739 0.075706 0.175555
0.726567 0.227388 0.046046
0.000183 0.999693 0.000124
0.027093 0.010885 0.962022
0.000108 0.999883 0.000009
0.151406 0.669567 0.179027
0.942450 0.049623 0.007927
0.977442 0.002707 0.019850
0.052017 0.943298 0.004685
0.000000 1.000000 0.000000
0.950068 0.019800 0.030132
0.001935 0.433473 0.564592
0.004236 0.986558 0.009206
0.916277 0.063071 0.020652
0.066868 0.903538 0.029594
0.888964 0.002270 0.108766
0.878960 0.117996 0.003044
0.000047 0.997572 0.002381
0.000002 0.999763 0.000235
0.000093 0.999554 0.000352
0.000000 1.000000 0.000000
0.990577 0.008220 0.001203
0.849102 0.091267 0.059630
0.828913 0.020216 0.150871
0.926034 0.064193 0.009773
0.060342 0.939143 0.000515
0.799752 0.197996 0.002252
0.000072 0.999575 0.000354
0.989652 0.002116 0.008232
0.912189 0.086929 0.000883
0.132567 0.867099 0.000334
0.043041 0.902827 0.054132
0.980036 0.001678 0.018286
0.000030 0.999943 0.000026
0.868953 0.119440 0.011608
0.986980 0.002263 0.010757
0.617429 0.095127 0.287444
0.960437 0.011447 0.028116
0.000458 0.997517 0.002024
0.608382 0.388466 0.003153
0.002069 0.974506 0.023424
0.051026 0.939594 0.009380
0.120625 0.845503 0.033872
0.975049 0.016310 0.008642
0.000000 0.999005 0.000995
0.069128 0.928545 0.002327
0.979262 0.007480 0.013258
0.970297 0.022182 0.007522
0.970051 0.012239 0.017710
0.127021 0.861537 0.011442
0.988345 0.009136 0.002519
0.197711 0.001782 0.800508
0.785852 0.152875 0.061273
0.786875 0.088555 0.124571
0.183675 0.004259 0.812066
0.787051 0.015455 0.197494
0.239920 0.759262 0.000818
0.992426 0.005623 0.001952
0.924631 0.017788 0.057580
0.264057 0.054304 0.681638
0.972706 0.012534 0.014760
0.866645 0.066962 0.066393
0.890603 0.108340 0.001057
0.969640 0.000408 0.029952
0.009397 0.933475 0.057128
0.909176 0.084292 0.006532
0.072717 0.018371 0.908912
0.000001 0.999996 0.000003
0.012148 0.987491 0.000361
0.959020 0.018299 0.022681
0.941155 0.055948 0.002897
0.912814 0.002346 0.084839
0.025636 0.002101 0.972263
0.000180 0.857283 0.142537
0.005712 0.005349 0.988939
0.522767 0.104282 0.372951
0.000341 0.999628 0.000031
0.010705 0.966656 0.022639
0.015998 0.847779 0.136224
0.000000 0.998776 0.001224
0.001168 0.998736 0.000096
0.606896 0.002130 0.390974
0.000553 0.998721 0.000726
0.165754 0.827561 0.006685
0.240611 0.009826 0.749562
0.033106 0.009323 0.957571
0.845692 0.149231 0.005077
0.994050 0.002318 0.003632
0.001450 0.948040 0.050509
0.000591 0.600836 0.398573
0.103482 0.895876 0.000643
0.004890 0.994538 0.000572
0.002668 0.996653 0.000680
0.004892 0.001279 0.993830
0.001612 0.028084 0.970304
0.889878 0.107760 0.002362
0.114327 0.873887 0.011786
0.029223 0.969994 0.000783
0.000650 0.968523 0.030828
0.094889 0.904095 0.001016
0.994207 0.003658 0.002135
0.000909 0.989698 0.009392
0.852055 0.047289 0.100656
0.880172 0.054061 0.065767
0.958955 0.027556 0.013489
0.650569 0.029480 0.319951
0.002479 0.994138 0.003383
0.959653 0.031620 0.008727
0.302283 0.052117 0.645600
0.741929 0.256456 0.001615
0.720141 0.276474 0.003385
0.000709 0.992544 0.006747
0.027517 0.965847 0.006636
0.000262 0.999569 0.000169
0.988497 0.000354 0.011150
0.173285 0.791496 0.035220
0.015575 0.975492 0.008934
0.976503 0.009190 0.014307
0.772042 0.206671 0.021286
0.001360 0.898039 0.100601
0.000000 0.999999 0.000000
0.987465 0.007232 0.005303
0.004867 0.994809 0.000324
0.000015 0.999976 0.000009
0.331181 0.595971 0.072847
0.004032 0.978473 0.017494
0.000282 0.999524 0.000193
0.000000 0.999990 0.000010
0.947090 0.013814 0.039096
0.985941 0.011264 0.002795
0.064040 0.934436 0.001524
0.020616 0.000844 0.978540
0.048587 0.747435 0.203977
0.084312 0.905467 0.010222
0.853651 0.019750 0.126599
0.484751 0.490134 0.025114
0.000000 1.000000 0.000000
0.000098 0.999658 0.000244
0.974306 0.000008 0.025685
0.000000 0.997968 0.002032
0.049208 0.949729 0.001063
0.941320 0.050206 0.008474
0.141269 0.853485 0.005246
0.787671 0.124478 0.087851
0.852934 0.037324 0.109742
0.978028 0.011978 0.009994
0.996012 0.002149 0.001838
0.991203 0.003368 0.005429
0.928173 0.000173 0.071654
0.000004 0.999893 0.000103
0.841512 0.142646 0.015843
0.041620 0.010861 0.947519
0.996770 0.001852 0.001378
0.005754 0.993662 0.000584
0.008132 0.001191 0.990678
0.947606 0.034453 0.017941
0.000386 0.997786 0.001828
0.004460 0.993423 0.002118
0.969967 0.000041 0.029992
0.972779 0.003617 0.023605
0.005289 0.007035 0.987676
0.000021 0.998338 0.001641
0.037250 0.962389 0.000360
0.767332 0.231318 0.001350
0.024943 0.974858 0.000199
0.977407 0.000727 0.021866
0.934647 0.037556 0.027797
0.053074 0.945619 0.001307
0.005166 0.994286 0.000548
0.968381 0.009071 0.022548
0.794366 0.157212 0.048423
0.872671 0.117828 0.009501
0.953451 0.032422 0.014127
0.000076 0.996232 0.003692
0.081462 0.915395 0.003143
0.000017 0.995102 0.004881
0.000003 0.999606 0.000391
0.005994 0.978363 0.015643
0.980949 0.000298 0.018753
0.068075 0.915197 0.016728
0.953628 0.036360 0.010012
0.001936 0.837520 0.160544
0.008050 0.990712 0.001238
0.987075 0.000006 0.012919
0.006656 0.989930 0.003414
0.000003 0.999991 0.000006
0.019722 0.965135 0.015143
0.001180 0.998647 0.000174
0.072789 0.924435 0.002776
0.011126 0.875435 0.113439
0.990015 0.002332 0.007652
0.017088 0.953131 0.029781
0.964717 0.011427 0.023856
0.598414 0.388505 0.013080
0.010073 0.514730 0.475197
0.728905 0.013985 0.257110
0.059120 0.919860 0.021020
0.996249 0.000159 0.003591
0.991821 0.000395 0.007784
0.343467 0.646515 0.010018
0.011371 0.436483 0.552146
0.000017 0.999817 0.000167
0.008896 0.984982 0.006122
0.000000 1.000000 0.000000
0.101241 0.893592 0.005167
0.983291 0.011870 0.004838
0.000065 0.000028 0.999907
0.996674 0.000361 0.002965
0.204271 0.744151 0.051578
0.972936 0.002387 0.024677
0.983496 0.002836 0.013668
0.226319 0.742954 0.030727
0.000016 0.999949 0.000034
0.969197 0.022423 0.008380
0.000016 0.999965 0.000019
0.141474 0.855409 0.003117
0.001471 0.998473 0.000056
0.015335 0.046472 0.938194
0.815430 0.010078 0.174492
0.992798 0.003698 0.003504
0.724847 0.021810 0.253342
0.005219 0.017953 0.976828
0.037805 0.049014 0.913181
0.056209 0.942292 0.001498
0.123568 0.872459 0.003973
0.450713 0.542594 0.006693
0.000048 0.999894 0.000058
0.983138 0.007126 0.009736
0.000000 0.999999 0.000001
0.001764 0.000630 0.997606
0.887302 0.020085 0.092613
0.739759 0.259740 0.000501
0.000007 0.999511 0.000482
0.770603 0.189584 0.039813
0.963426 0.000308 0.036266
0.965685 0.031317 0.002998
0.000250 0.999158 0.000593
0.008623 0.989432 0.001945
0.859752 0.139027 0.001221
0.000003 0.999962 0.000034
0.991750 0.004452 0.003798
0.960228 0.006909 0.032863
0.111865 0.869280 0.018855
0.714013 0.280360 0.005627
0.001786 0.007097 0.991117
0.959232 0.027685 0.013083
0.009912 0.934655 0.055433
0.963032 0.000740 0.036227
0.937478 0.000213 0.062309
0.055025 0.022844 0.922131
0.192093 0.610667 0.197239
0.899192 0.060560 0.040248
0.000053 0.999934 0.000013
0.965650 0.033961 0.000388
0.986994 0.004889 0.008117
0.004391 0.985386 0.010223
0.987408 0.007903 0.004689
0.757926 0.211110 0.030964
0.023984 0.497972 0.478045
0.964212 0.005521 0.030267
0.000000 0.999975 0.000025
0.191531 0.802071 0.006397
0.170040 0.803904 0.026056
0.000710 0.990460 0.008830
0.810030 0.188616 0.001354
0.017653 0.982285 0.000062
0.906864 0.089765 0.003372
0.047607 0.933257 0.019136
0.002688 0.997094 0.000218
0.014952 0.846742 0.138306
0.140726 0.788538 0.070737
0.000002 0.999946 0.000052
0.910935 0.088765 0.000301
0.000120 0.999878 0.000002
0.000067 0.999900 0.000034
0.942504 0.004514 0.052982
0.002125 0.994761 0.003114
0.379198 0.098710 0.522092
0.002511 0.991767 0.005723
0.118620 0.877213 0.004167
0.022719 0.807052 0.170229
0.994610 0.005216 0.000174
0.011829 0.985203 0.002968
0.253290 0.119380 0.627331
0.950722 0.026287 0.022991
0.053284 0.941955 0.004760
0.150406 0.847186 0.002407
0.034218 0.960901 0.004881
0.000636 0.999312 0.000053
0.968113 0.000018 0.031869
0.020144 0.621021 0.358836
0.006475 0.992527 0.000998
0.000006 0.999978 0.000016
0.013596 0.984359 0.002045
0.962056 0.021899 0.016045
0.991133 0.001454 0.007413
0.000006 0.999884 0.000109
0.789878 0.207004 0.003119
0.000016 0.999980 0.000004
0.052059 0.946651 0.001290
0.102545 0.072129 0.825326
0.001822 0.998117 0.000060
0.813560 0.005320 0.181120
0.000058 0.992583 0.007359
0.000002 0.999997 0.000001
0.006439 0.974487 0.019074
0.958825 0.003093 0.038083
0.038063 0.960343 0.001594
0.093020 0.887142 0.019838
0.005384 0.992187 0.002429
0.186955 0.177283 0.635762
0.000320 0.964637 0.035043
0.024965 0.968753 0.006282
0.005651 0.992393 0.001956
0.041950 0.957506 0.000544
0.008472 0.991405 0.000123
0.997536 0.000017 0.002447
0.000390 0.969978 0.029632
0.639261 0.000917 0.359822
0.002057 0.985818 0.012125
0.000919 0.998822 0.000259
0.017992 0.034556 0.947452
0.032214 0.967449 0.000337
0.000938 0.996641 0.002421
0.105151 0.885548 0.009301
0.051520 0.030449 0.918031
0.003109 0.996567 0.000323
0.006076 0.989357 0.004566
0.000000 0.999998 0.000002
0.000002 0.999996 0.000002
0.003794 0.995485 0.000721
0.007249 0.992728 0.000023
0.919655 0.055562 0.024783
0.919815 0.005738 0.074447
0.001547 0.975856 0.022597
0.000403 0.993664 0.005933
0.000024 0.998993 0.000984
0.023727 0.975770 0.000504
0.008319 0.983606 0.008074
0.908494 0.062545 0.028961
0.682643 0.288008 0.029349
0.930151 0.009429 0.060420
0.000000 0.999982 0.000018
0.030035 0.066850 0.903115
0.162386 0.830747 0.006867
0.030760 0.968730 0.000510
0.007241 0.992225 0.000533
0.005364 0.001058 0.993579
0.653314 0.001038 0.345648
0.000120 0.999874 0.000005
0.000082 0.999597 0.000322
0.294662 0.702328 0.003010
0.001170 0.608194 0.390636
0.972652 0.022696 0.004651
0.023201 0.972828 0.003971
0.000257 0.916393 0.083349
0.043890 0.955630 0.000480
0.987499 0.010143 0.002357
0.001003 0.998943 0.000054
0.807606 0.126230 0.066164
0.004371 0.991360 0.004269
0.003920 0.995521 0.000559
0.000004 0.999937 0.000059
0.984342 0.005589 0.010068
0.986593 0.012490 0.000917
0.983800 0.011465 0.004735
0.000094 0.999782 0.000123
0.056317 0.934747 0.008936
0.000040 0.999374 0.000586
0.137952 0.001311 0.860737
0.034536 0.876115 0.089349
0.432671 0.017370 0.549959
0.000413 0.963151 0.036437
0.018478 0.000664 0.980858
0.019773 0.979782 0.000445
0.026327 0.973216 0.000457
0.001450 0.998515 0.000035
0.001146 0.994643 0.004211
0.021855 0.977526 0.000619
0.000207 0.999655 0.000138
0.001140 0.997611 0.001249
0.968837 0.028044 0.003119
0.272269 0.716429 0.011302
0.174814 0.805130 0.020056
0.955551 0.000296 0.044153
0.005907 0.956221 0.037872
0.178951 0.812775 0.008274
0.979228 0.000028 0.020744
0.004023 0.970798 0.025178
0.001796 0.990047 0.008157
0.046272 0.871876 0.081852
0.925927 0.061892 0.012181
0.143305 0.831121 0.025574
0.970471 0.014535 0.014994
0.978124 0.000769 0.021106
0.742034 0.242767 0.015199
0.864951 0.105897 0.029153
0.989393 0.002366 0.008240
0.735293 0.249422 0.015285
0.913988 0.062530 0.023482
0.001563 0.998365 0.000073
0.967825 0.010498 0.021677
0.917821 0.056755 0.025424
0.111830 0.888050 0.000120
0.962480 0.016614 0.020906
0.017068 0.975225 0.007707
0.981975 0.006593 0.011433
0.015345 0.966517 0.018139
0.000074 0.999877 0.000049
0.005077 0.009804 0.985119
0.000846 0.998601 0.000553
0.000002 0.999952 0.000046
0.969491 0.008312 0.022197
0.041809 0.953901 0.004290
0.000045 0.999666 0.000289
0.921763 0.004745 0.073492
0.007806 0.987172 0.005023
0.031606 0.959409 0.008984
0.000000 0.999984 0.000016
0.000107 0.998949 0.000945
0.976025 0.023827 0.000147
0.050552 0.941862 0.007586
0.024472 0.975101 0.000426
0.954801 0.024285 0.020915
0.000005 0.999994 0.000002
0.191674 0.007843 0.800484
0.388844 0.599838 0.011318
0.913043 0.000529 0.086429
0.000003 0.999971 0.000026
0.962774 0.035745 0.001481
0.959777 0.000747 0.039477
0.025781 0.952599 0.021620
0.189224 0.590534 0.220242
0.000001 0.999995 0.000004
0.152804 0.808893 0.038302
0.988163 0.010412 0.001425
0.102420 0.036383 0.861198
0.921465 0.037267 0.041267
0.000103 0.987659 0.012238
0.000368 0.996266 0.003366
0.430683 0.019641 0.549676
0.974440 0.003414 0.022146
0.022750 0.861681 0.115569
0.003308 0.992594 0.004097
0.033965 0.964129 0.001905
0.971821 0.023006 0.005173
0.945307 0.000072 0.054621
0.865242 0.110959 0.023799
0.253475 0.741218 0.005307
0.888148 0.000059 0.111793
0.411200 0.476377 0.112423
0.227600 0.743341 0.029059
0.974902 0.000347 0.024752
0.890619 0.109187 0.000194
0.981979 0.013778 0.004242
0.007802 0.991981 0.000217
0.665632 0.320699 0.013669
0.000001 0.999885 0.000114
0.751003 0.248403 0.000594
0.000021 0.999974 0.000006
0.046831 0.697659 0.255511
0.093807 0.898623 0.007571
0.923223 0.001735 0.075043
0.960135 0.006761 0.033104
0.996558 0.002143 0.001300
0.995976 0.000111 0.003913
0.477149 0.484004 0.038847
0.805665 0.181744 0.012591
0.045879 0.949436 0.004685
0.002542 0.997080 0.000378
0.211293 0.622526 0.166181
0.547144 0.448349 0.004507
0.031806 0.967713 0.000482
0.024795 0.973509 0.001696
0.052135 0.946445 0.001419
0.016646 0.981995 0.001360
0.982635 0.010680 0.006685
0.924361 0.025119 0.050520
0.923382 0.032836 0.043782
0.945331 0.007858 0.046811
0.008480 0.986257 0.005263
0.000012 0.999312 0.000676
0.007359 0.085729 0.906912
0.995772 0.003146 0.001083
0.983442 0.014754 0.001804
0.995031 0.000122 0.004846
0.000007 0.999991 0.000002
0.980856 0.003933 0.015211
0.000616 0.998920 0.000463
0.983135 0.001242 0.015623
0.004519 0.967161 0.028320
0.073475 0.867232 0.059293
0.840730 0.040668 0.118602
0.000001 0.999993 0.000006
0.000048 0.998058 0.001894
0.007654 0.981098 0.011248
0.981998 0.000213 0.017790
0.448799 0.268684 0.282517
0.003205 0.996755 0.000040
0.009448 0.986724 0.003828
0.000226 0.999674 0.000101
0.002770 0.996092 0.001138
0.949609 0.038176 0.012215
0.003355 0.996356 0.000290
0.052213 0.711647 0.236140
0.001548 0.997205 0.001247
0.997485 0.000486 0.002029
0.090676 0.903126 0.006198
0.007567 0.274205 0.718229
0.000124 0.999841 0.000035
0.593672 0.000422 0.405906
0.079252 0.752961 0.167787
0.000025 0.989543 0.010432
0.010048 0.988934 0.001019
0.224495 0.774530 0.000975
0.478829 0.520686 0.000485
0.031820 0.001031 0.967148
0.924911 0.061776 0.013313
0.008908 0.029379 0.961713
0.981863 0.013858 0.004279
0.915031 0.005375 0.079594
0.001119 0.996958 0.001924
0.001204 0.886906 0.111890
0.009012 0.803980 0.187008
0.953714 0.041731 0.004556
0.899594 0.000933 0.099473
0.990293 0.000048 0.009659
0.004745 0.995083 0.000172
0.740932 0.242724 0.016344
0.000001 0.999998 0.000001
0.934351 0.001615 0.064034
0.917489 0.003926 0.078586
0.075813 0.251386 0.672801
0.969888 0.004611 0.025501
0.195031 0.789718 0.015251
0.062814 0.409146 0.528040
0.640055 0.354320 0.005625
0.000440 0.997735 0.001825
0.041230 0.958443 0.000327
0.000024 0.999933 0.000044
0.011276 0.981645 0.007080
0.950174 0.020392 0.029434
0.530454 0.036388 0.433158
0.653828 0.070551 0.275621
0.007673 0.990620 0.001707
0.014427 0.001858 0.983715
0.000000 0.999218 0.000781
0.895399 0.095271 0.009329
0.038948 0.788004 0.173048
0.164854 0.830354 0.004792
0.862680 0.113028 0.024291
0.028779 0.970428 0.000793
0.956067 0.000461 0.043471
0.003611 0.992251 0.004139
0.000582 0.996022 0.003397
0.882838 0.052029 0.065133
0.000020 0.999725 0.000254
0.001457 0.998242 0.000301
0.011757 0.987367 0.000877
0.000550 0.991158 0.008292
0.957059 0.033741 0.009200
0.003201 0.996295 0.000505
0.990782 0.000592 0.008626
0.003832 0.978018 0.018150
0.000064 0.999819 0.000118
0.964766 0.030058 0.005175
0.028603 0.970234 0.001163
0.922227 0.061565 0.016207
0.546165 0.434838 0.018997
0.000000 1.000000 0.000000
0.345282 0.653952 0.000766
0.293624 0.626558 0.079817
0.977571 0.016651 0.005778
0.527729 0.023763 0.448508
0.920364 0.054296 0.025341
0.968016 0.002427 0.029557
0.001234 0.987664 0.011102
0.000007 0.999986 0.000006
0.001840 0.937966 0.060194
0.790841 0.000477 0.208682
0.000099 0.999788 0.000113
0.000024 0.988206 0.011770
0.021751 0.976976 0.001273
0.063358 0.918398 0.018245
0.115461 0.881016 0.003524
0.616643 0.339701 0.043656
0.141381 0.002166 0.856453
0.973941 0.002593 0.023466
0.988536 0.000692 0.010772
0.981854 0.014657 0.003489
0.186392 0.759951 0.053657
0.086113 0.911687 0.002200
0.143736 0.003109 0.853155
0.959305 0.020957 0.019737
0.773240 0.224160 0.002600
0.086532 0.815348 0.098119
0.584367 0.406831 0.008802
0.965668 0.023734 0.010598
0.000697 0.991018 0.008285
0.001156 0.996005 0.002838
0.427485 0.026775 0.545740
0.053125 0.669619 0.277256
0.000579 0.999235 0.000187
0.438387 0.547243 0.014370
0.365507 0.628434 0.006060
0.006688 0.992713 0.000599
0.000001 0.999962 0.000037
0.015762 0.978966 0.005272
0.434354 0.122646 0.443000
0.179045 0.813784 0.007170
0.013845 0.980611 0.005544
0.546579 0.436073 0.017348
0.002150 0.997626 0.000224
0.723211 0.180729 0.096060
0.856635 0.102273 0.041091
0.001418 0.998144 0.000438
0.012682 0.985041 0.002277
0.958024 0.003351 0.038625
0.998119 0.000711 0.001170
0.007194 0.989339 0.003467
0.916406 0.000632 0.082962
0.116140 0.882258 0.001602
0.652275 0.327109 0.020616
0.981619 0.013547 0.004834
0.164251 0.828103 0.007646
0.000518 0.999439 0.000044
0.129638 0.018880 0.851482
0.010152 0.989465 0.000383
0.003068 0.995995 0.000937
0.935131 0.006262 0.058607
0.000009 0.997552 0.002438
0.248512 0.748773 0.002715
0.655834 0.093872 0.250293
0.005478 0.991618 0.002903
0.686804 0.267139 0.046058
0.000279 0.997120 0.002602
0.919287 0.007981 0.072731
0.959870 0.004968 0.035163
0.983910 0.000052 0.016039
0.007453 0.988355 0.004193
0.972062 0.000125 0.027813
0.985148 0.000882 0.013969
0.973071 0.024140 0.002789
0.985909 0.006253 0.007838
0.093695 0.904769 0.001536
0.958389 0.026586 0.015025
0.038276 0.937869 0.023855
0.661817 0.269436 0.068747
0.000004 0.999474 0.000522
0.722133 0.276770 0.001096
0.704413 0.004649 0.290938
0.000000 0.999990 0.000009
0.927036 0.067686 0.005278
0.021739 0.977156 0.001106
0.000158 0.999821 0.000021
0.000019 0.999140 0.000841
0.002943 0.994204 0.002853
0.769812 0.156061 0.074127
0.777673 0.015587 0.206741
0.073476 0.906395 0.020129
0.945528 0.039418 0.015054
0.000034 0.999795 0.000171
0.000326 0.999570 0.000104
0.000157 0.857270 0.142572
0.995981 0.002411 0.001608
0.747293 0.250275 0.002432
0.000001 0.999998 0.000001
0.993472 0.001787 0.004741
0.001549 0.996431 0.002020
0.000172 0.999798 0.000030
0.000975 0.998960 0.000065
0.002216 0.958332 0.039452
0.071045 0.002246 0.926709
0.792628 0.059691 0.147681
0.752736 0.243765 0.003500
0.000000 1.000000 0.000000
0.001510 0.997614 0.000877
0.953221 0.038429 0.008350
0.008989 0.987798 0.003213
0.087427 0.390328 0.522244
0.000120 0.998964 0.000916
0.955958 0.012381 0.031661
0.217471 0.773175 0.009354
0.026504 0.036917 0.936579
0.984449 0.011323 0.004228
0.004207 0.937027 0.058766
0.057433 0.933168 0.009400
0.020594 0.978886 0.000520
0.003106 0.996768 0.000126
0.567688 0.002133 0.430179
0.001913 0.997893 0.000194
0.127597 0.692515 0.179888
0.000112 0.999146 0.000741
0.033887 0.956939 0.009174
0.979184 0.003408 0.017408
0.199844 0.660303 0.139853
0.008561 0.991204 0.000235
0.000245 0.999749 0.000006
0.951529 0.041629 0.006842
0.869857 0.106015 0.024128
0.883639 0.045486 0.070876
0.140101 0.797990 0.061909
0.761987 0.007625 0.230388
0.666706 0.117116 0.216178
0.051836 0.935982 0.012182
0.990469 0.004852 0.004680
0.614312 0.384410 0.001278
0.135930 0.179667 0.684404
0.007928 0.990655 0.001417
0.000000 1.000000 0.000000
0.976995 0.021228 0.001777
0.000000 0.999994 0.000006
0.837180 0.160099 0.002721
0.982411 0.015450 0.002140
0.839588 0.000131 0.160281
0.998730 0.000307 0.000963
0.000028 0.999962 0.000009
0.007625 0.988843 0.003533
0.812939 0.047616 0.139446
0.108738 0.890368 0.000894
0.033542 0.001495 0.964964
0.008550 0.991097 0.000353
0.000001 0.999841 0.000158
0.052412 0.945879 0.001709
0.000001 0.998952 0.001047
0.023756 0.975595 0.000649
0.383572 0.615584 0.000844
0.019625 0.975339 0.005035
0.000019 0.999873 0.000107
0.000026 0.999806 0.000168
0.910765 0.081994 0.007241
0.014343 0.982736 0.002921
0.001157 0.987007 0.011837
0.001305 0.998239 0.000456
0.000000 0.999891 0.000109
0.005990 0.007672 0.986338
0.077596 0.003434 0.918970
0.001277 0.987625 0.011098
0.566848 0.391807 0.041345
0.000000 0.999801 0.000200
0.980691 0.006997 0.012312
0.050315 0.945418 0.004267
0.843603 0.155229 0.001167
0.990431 0.006114 0.003455
0.001131 0.997462 0.001407
0.030840 0.963009 0.006151
0.011762 0.013482 0.974756
0.026663 0.969432 0.003905
0.997953 0.001404 0.000643
0.994039 0.001033 0.004928
0.074411 0.664325 0.261264
0.000000 0.999995 0.000005
0.956655 0.016075 0.027270
0.009139 0.989531 0.001330
0.982106 0.001678 0.016217
0.500579 0.496127 0.003294
0.953486 0.036455 0.010060
0.000070 0.999832 0.000098
0.006333 0.992528 0.001139
0.190787 0.805306 0.003907
0.000000 1.000000 0.000000
0.000006 0.999985 0.000009
0.002015 0.995064 0.002921
0.987019 0.012684 0.000298
0.971260 0.025282 0.003457
0.901781 0.096613 0.001607
0.297090 0.702542 0.000368
0.000078 0.999911 0.000011
0.232976 0.174227 0.592797
0.003064 0.959091 0.037845
0.894017 0.008717 0.097266
0.943428 0.039317 0.017255
0.817813 0.001896 0.180290
0.854263 0.080544 0.065193
0.001108 0.850521 0.148371
0.855898 0.141325 0.002777
0.965835 0.030818 0.003347
0.993802 0.005259 0.000939
0.007197 0.015893 0.976910
0.186878 0.766617 0.046505
0.000000 1.000000 0.000000
0.002150 0.996752 0.001098
0.001388 0.997229 0.001383
