0.003180 0.974446 0.022373
0.944365 0.053716 0.001919
0.000248 0.998725 0.001028
0.102415 0.897200 0.000384
0.773694 0.224030 0.002277
0.675996 0.297094 0.026910
0.069649 0.808636 0.121715
0.649748 0.258069 0.092184
0.447203 0.551458 0.001339
0.057431 0.938768 0.003801
0.000001 0.999625 0.000374
0.003938 0.989085 0.006977
0.011425 0.986639 0.001936
0.418487 0.090272 0.491240
0.078422 0.035984 0.885594
0.936703 0.028140 0.035157
0.356575 0.632421 0.011004
0.000633 0.999171 0.000196
0.698863 0.012807 0.288329
0.038485 0.958957 0.002559
0.406708 0.591743 0.001549
0.078517 0.271839 0.649644
0.874352 0.014982 0.110666
0.205540 0.772259 0.022200
0.643954 0.338041 0.018004
0.101172 0.897165 0.001663
0.010286 0.989601 0.000113
0.094478 0.572700 0.332822
0.955030 0.018180 0.026789
0.161362 0.838160 0.000478
0.004234 0.737447 0.258319
0.008122 0.985208 0.006669
0.625459 0.003335 0.371206
0.834653 0.103068 0.062278
0.983710 0.002899 0.013391
0.672668 0.000585 0.326747
0.893377 0.009415 0.097208
0.000877 0.999083 0.000040
0.814344 0.060103 0.125553
0.004540 0.994841 0.000619
0.038712 0.807016 0.154272
0.789846 0.209502 0.000652
0.000003 0.999514 0.000483
0.699736 0.288632 0.011632
0.035730 0.786707 0.177564
0.389323 0.013111 0.597566
0.481785 0.485044 0.033171
0.963010 0.028899 0.008090
0.104534 0.012461 0.883006
0.002278 0.995413 0.002308
0.412489 0.525592 0.061919
0.540204 0.030424 0.429372
0.000047 0.999859 0.000094
0.086980 0.200735 0.712284
0.181504 0.799836 0.018660
0.402864 0.005253 0.591884
0.006592 0.932247 0.061162
0.769343 0.048720 0.181937
0.012195 0.823396 0.164410
0.612215 0.285484 0.102300
0.082286 0.916037 0.001677
0.019538 0.653683 0.326779
0.859243 0.035032 0.105726
0.055105 0.886720 0.058175
0.095702 0.903371 0.000927
0.002656 0.994584 0.002760
0.000111 0.998138 0.001752
0.915770 0.002544 0.081686
0.263675 0.691822 0.044503
0.630600 0.002718 0.366682
0.979625 0.003951 0.016425
0.942647 0.034515 0.022838
0.932203 0.024632 0.043164
0.000333 0.975265 0.024402
0.904275 0.072404 0.023321
0.199537 0.458524 0.341939
0.005885 0.994079 0.000036
0.553336 0.205759 0.240905
0.176630 0.725756 0.097614
0.001237 0.956653 0.042111
0.492499 0.003611 0.503890
0.030481 0.967146 0.002372
0.856979 0.133221 0.009800
0.140228 0.842949 0.016823
0.016740 0.983252 0.000008
0.000986 0.995730 0.003285
0.968232 0.022331 0.009437
0.065529 0.933837 0.000634
0.122430 0.827947 0.049623
0.149427 0.850500 0.000073
0.063011 0.936965 0.000025
0.000806 0.992380 0.006814
0.011807 0.987473 0.000719
0.000014 0.978203 0.021783
0.746293 0.207160 0.046547
0.328409 0.670547 0.001044
0.898557 0.067008 0.034434
0.995485 0.001245 0.003271
0.118851 0.000078 0.881071
0.444772 0.332717 0.222511
0.783182 0.201897 0.014920
0.000794 0.999180 0.000026
0.547294 0.448594 0.004112
0.049058 0.950811 0.000131
0.037875 0.960685 0.001440
0.119886 0.270285 0.609829
0.027971 0.893769 0.078260
0.011163 0.002993 0.985844
0.000678 0.998865 0.000457
0.000019 0.999185 0.000796
0.940256 0.056876 0.002869
0.841510 0.137426 0.021064
0.467743 0.038079 0.494179
0.037205 0.961279 0.001516
0.035364 0.165378 0.799258
0.757867 0.233008 0.009125
0.000734 0.987202 0.012065
0.051866 0.948093 0.000042
0.005195 0.994726 0.000078
0.001090 0.997301 0.001609
0.870231 0.074065 0.055705
0.326457 0.582362 0.091181
0.568348 0.073473 0.358179
0.674552 0.108181 0.217268
0.182559 0.805019 0.012423
0.004176 0.995151 0.000672
0.096183 0.899471 0.004346
0.003141 0.996707 0.000152
0.102117 0.894451 0.003432
0.888049 0.090614 0.021338
0.017589 0.965237 0.017174
0.076593 0.921280 0.002127
0.412568 0.581034 0.006398
0.014477 0.983543 0.001980
0.043571 0.854796 0.101633
0.158582 0.840306 0.001112
0.551018 0.008866 0.440115
0.222403 0.011286 0.766311
0.815298 0.025031 0.159671
0.865480 0.001675 0.132845
0.261032 0.737306 0.001662
0.007395 0.861746 0.130859
0.220655 0.779004 0.000341
0.871442 0.005044 0.123514
0.490826 0.496137 0.013036
0.514698 0.435686 0.049616
0.000191 0.994513 0.005295
0.629910 0.364480 0.005610
0.682260 0.020370 0.297369
0.877856 0.000638 0.121506
0.000918 0.998623 0.000459
0.975061 0.011285 0.013653
0.000106 0.999635 0.000259
0.160866 0.813120 0.026015
0.885935 0.028961 0.085104
0.325187 0.008999 0.665814
0.830579 0.158716 0.010705
0.002992 0.996992 0.000016
0.167088 0.825165 0.007747
0.944108 0.004857 0.051035
0.138783 0.141442 0.719775
0.684982 0.294720 0.020297
0.978624 0.010259 0.011117
0.818034 0.121539 0.060428
0.018387 0.161383 0.820230
0.883471 0.112868 0.003660
0.007506 0.984435 0.008059
0.966684 0.007541 0.025775
0.002573 0.827977 0.169450
0.183291 0.363582 0.453127
0.000243 0.966876 0.032882
0.021471 0.977499 0.001030
0.000009 0.997270 0.002720
0.000025 0.989297 0.010678
0.006836 0.815463 0.177701
0.000050 0.997907 0.002043
0.907115 0.048081 0.044805
0.063031 0.925262 0.011707
0.000846 0.995278 0.003876
0.761389 0.181410 0.057201
0.985737 0.005969 0.008295
0.003170 0.551684 0.445146
0.837002 0.014589 0.148409
0.926423 0.005096 0.068481
0.568035 0.030593 0.401372
0.000121 0.996810 0.003069
0.009455 0.990117 0.000428
0.000022 0.997658 0.002320
0.951020 0.004587 0.044393
0.778731 0.112394 0.108875
0.889473 0.096362 0.014165
0.010731 0.982112 0.007156
0.164781 0.823682 0.011537
0.049613 0.599289 0.351099
0.143539 0.205994 0.650467
0.018820 0.981131 0.000049
0.916329 0.002875 0.080797
0.895790 0.061733 0.042477
0.176724 0.591102 0.232174
0.007471 0.986065 0.006464
0.008032 0.991816 0.000152
0.025578 0.972610 0.001812
0.003866 0.995699 0.000435
0.867231 0.132388 0.000380
0.913228 0.001981 0.084791
0.697797 0.044403 0.257800
0.773035 0.084554 0.142411
0.005240 0.814458 0.180302
0.023024 0.976776 0.000200
0.000356 0.979640 0.020004
0.004222 0.990853 0.004925
0.335775 0.661753 0.002472
0.774161 0.008099 0.217740
0.018917 0.981044 0.000039
0.627058 0.369937 0.003005
0.001834 0.979338 0.018828
0.529775 0.262536 0.207689
0.002541 0.921625 0.075834
0.011224 0.961657 0.027119
0.736550 0.217273 0.046177
0.894944 0.090032 0.015024
0.947574 0.002161 0.050265
0.037934 0.961775 0.000292
0.959943 0.006827 0.033230
0.872256 0.031308 0.096436
0.474930 0.387000 0.138070
0.000022 0.999509 0.000469
0.634411 0.068743 0.296846
0.050295 0.943754 0.005951
0.660979 0.262708 0.076313
0.343489 0.625727 0.030784
0.968308 0.003941 0.027751
0.954782 0.001426 0.043792
0.014646 0.882912 0.102443
0.024836 0.974971 0.000193
0.003193 0.959875 0.036932
0.721690 0.001003 0.277308
0.633504 0.285392 0.081103
0.000200 0.998696 0.001105
0.011654 0.988163 0.000184
0.000033 0.999062 0.000905
0.923546 0.017967 0.058487
0.853266 0.016455 0.130279
0.014346 0.742252 0.243402
0.000750 0.962965 0.036285
0.036770 0.714760 0.248471
0.103792 0.058940 0.837268
0.911873 0.011341 0.076786
0.028258 0.966804 0.004938
0.000193 0.974387 0.025419
0.001097 0.996723 0.002181
0.001007 0.998018 0.000975
0.548029 0.451957 0.000014
0.986112 0.009174 0.004714
0.899046 0.092561 0.008393
0.898259 0.095128 0.006613
0.455334 0.540991 0.003675
0.021510 0.000350 0.978140
0.025506 0.910575 0.063919
0.068870 0.908892 0.022237
0.388805 0.595476 0.015719
0.062391 0.936939 0.000670
0.003517 0.949549 0.046933
0.070561 0.719877 0.209561
0.267389 0.055777 0.676835
0.599617 0.038794 0.361589
0.111836 0.005796 0.882368
0.617265 0.002887 0.379849
0.725574 0.232825 0.041601
0.986232 0.007397 0.006370
0.800385 0.148884 0.050731
0.011068 0.979187 0.009745
0.000489 0.999393 0.000118
0.231625 0.758202 0.010173
0.130820 0.687377 0.181803
0.676444 0.044077 0.279479
0.001072 0.695912 0.303016
0.988439 0.009032 0.002529
0.023779 0.967061 0.009161
0.003821 0.943678 0.052500
0.984540 0.012125 0.003335
0.788323 0.199772 0.011905
0.125457 0.448086 0.426457
0.015809 0.982881 0.001310
0.017606 0.973820 0.008574
0.076588 0.915166 0.008246
0.181119 0.816231 0.002650
0.079852 0.907029 0.013118
0.518082 0.264942 0.216975
0.043343 0.216389 0.740269
0.018986 0.980965 0.000049
0.164434 0.106998 0.728568
0.644482 0.172194 0.183323
0.107328 0.858710 0.033962
0.976661 0.000658 0.022681
0.050347 0.949644 0.000009
0.531151 0.075916 0.392933
0.953338 0.020541 0.026121
0.000598 0.947671 0.051730
0.904792 0.026396 0.068812
0.011558 0.986865 0.001577
0.093714 0.906137 0.000149
0.245130 0.400101 0.354769
0.000003 0.992938 0.007059
0.000261 0.998957 0.000782
0.001391 0.989975 0.008633
0.303830 0.009309 0.686860
0.111515 0.860045 0.028440
0.008269 0.714589 0.277142
0.841788 0.012877 0.145335
0.000000 0.951530 0.048470
0.046591 0.952176 0.001232
0.010687 0.988191 0.001122
0.792094 0.011123 0.196783
0.513923 0.425259 0.060818
0.178077 0.821905 0.000018
0.532756 0.459327 0.007917
0.877285 0.009461 0.113254
0.001551 0.998360 0.000089
0.000042 0.999363 0.000595
0.001998 0.997169 0.000833
0.000581 0.995435 0.003984
0.648657 0.350752 0.000591
0.683982 0.053209 0.262809
0.063916 0.910807 0.025277
0.934427 0.022657 0.042916
0.565326 0.057826 0.376848
0.100423 0.182750 0.716827
0.855532 0.078523 0.065945
0.221928 0.767673 0.010399
0.834685 0.026240 0.139075
0.210391 0.724811 0.064797
0.663204 0.336327 0.000469
0.922274 0.077143 0.000583
0.730029 0.002378 0.267592
0.003841 0.995687 0.000472
0.440517 0.476971 0.082511
0.115668 0.874122 0.010210
0.695653 0.070922 0.233425
0.185901 0.813051 0.001048
0.013474 0.985693 0.000833
0.018156 0.911119 0.070726
0.739905 0.214996 0.045099
0.287635 0.326548 0.385818
0.000016 0.999688 0.000296
0.790278 0.018056 0.191666
0.816436 0.094237 0.089328
0.936884 0.061617 0.001499
0.002345 0.997636 0.000019
0.004060 0.976162 0.019779
0.908503 0.028598 0.062900
0.018950 0.973121 0.007929
0.462019 0.524659 0.013321
0.004703 0.994849 0.000448
0.016008 0.983387 0.000605
0.611908 0.226551 0.161541
0.086553 0.880080 0.033367
0.543942 0.023549 0.432508
0.155022 0.630047 0.214932
0.173643 0.824723 0.001634
0.015594 0.357541 0.626864
0.001218 0.998764 0.000018
0.462365 0.360323 0.177313
0.161455 0.837854 0.000691
0.024350 0.931423 0.044227
0.001193 0.998684 0.000123
0.574915 0.002429 0.422656
0.432561 0.026230 0.541208
0.809013 0.018511 0.172477
0.031980 0.960634 0.007386
0.900546 0.004142 0.095311
0.814747 0.002355 0.182898
0.940705 0.014665 0.044630
0.685669 0.272807 0.041523
0.570274 0.429382 0.000344
0.027399 0.924556 0.048045
0.651464 0.000826 0.347710
0.105870 0.019362 0.874768
0.568260 0.412707 0.019032
0.012102 0.987872 0.000026
0.854463 0.054497 0.091041
0.484507 0.304197 0.211296
0.765080 0.167229 0.067691
0.041941 0.957509 0.000550
0.133287 0.712818 0.153895
0.596127 0.109311 0.294562
0.000082 0.999634 0.000285
0.570858 0.425335 0.003807
0.311063 0.670481 0.018456
0.451835 0.529459 0.018707
0.796574 0.069518 0.133908
0.243089 0.309124 0.447787
0.441099 0.021792 0.537109
0.753314 0.180735 0.065950
0.299466 0.699105 0.001430
0.000983 0.959845 0.039172
0.705675 0.290298 0.004027
0.007066 0.992491 0.000443
0.822703 0.127415 0.049882
0.979016 0.010358 0.010625
0.280865 0.396403 0.322732
0.092095 0.012704 0.895200
0.930978 0.000192 0.068830
0.565900 0.037432 0.396668
0.239299 0.683679 0.077022
0.659488 0.312718 0.027795
0.863873 0.003244 0.132883
0.878301 0.086262 0.035437
0.950151 0.006723 0.043125
0.010014 0.989921 0.000065
0.042903 0.932611 0.024487
0.816847 0.066027 0.117126
0.001427 0.991489 0.007084
0.076056 0.828153 0.095792
0.003788 0.994401 0.001810
0.743764 0.254645 0.001592
0.811327 0.082241 0.106432
0.047773 0.950804 0.001423
0.256705 0.727093 0.016202
0.014786 0.983787 0.001428
0.228082 0.764370 0.007548
0.058468 0.933170 0.008363
0.909064 0.026242 0.064694
0.951593 0.004288 0.044118
0.927782 0.072216 0.000001
0.482228 0.036164 0.481607
0.909932 0.072419 0.017649
0.172475 0.827284 0.000241
0.109694 0.889598 0.000708
0.725328 0.240126 0.034546
0.532920 0.005583 0.461496
0.962486 0.026988 0.010526
0.901848 0.014372 0.083780
0.975855 0.004578 0.019567
0.646938 0.186846 0.166216
0.009429 0.961223 0.029348
0.094659 0.848648 0.056693
0.000048 0.999825 0.000127
0.219407 0.293742 0.486852
0.828393 0.047562 0.124045
0.000007 0.643171 0.356821
0.098681 0.898209 0.003111
0.019309 0.926326 0.054365
0.883615 0.111077 0.005308
0.000022 0.999970 0.000008
0.003602 0.973174 0.023224
0.315584 0.264180 0.420235
0.001744 0.998137 0.000119
0.864112 0.135696 0.000192
0.032701 0.967294 0.000005
0.237190 0.501036 0.261774
0.376198 0.066377 0.557425
0.507551 0.121110 0.371338
0.026468 0.971690 0.001841
0.195661 0.060911 0.743429
0.352426 0.000056 0.647518
0.738289 0.004723 0.256988
0.002228 0.962453 0.035319
0.519947 0.479679 0.000374
0.491743 0.402623 0.105633
0.872066 0.003138 0.124796
0.023711 0.971107 0.005182
0.022406 0.962590 0.015004
0.761827 0.236401 0.001772
0.780523 0.063340 0.156137
0.006088 0.991505 0.002407
0.375030 0.030401 0.594570
0.020376 0.973482 0.006143
0.002450 0.997308 0.000241
0.126650 0.873216 0.000134
0.259280 0.731102 0.009618
0.256984 0.742915 0.000101
0.010964 0.988734 0.000302
0.041664 0.952789 0.005547
0.169421 0.827004 0.003575
0.792692 0.180242 0.027067
0.034555 0.964354 0.001091
0.869246 0.005458 0.125296
0.961899 0.028561 0.009539
0.000027 0.999945 0.000028
0.104382 0.834103 0.061515
0.595090 0.392178 0.012732
0.729186 0.018799 0.252015
0.871749 0.003029 0.125222
0.645550 0.079296 0.275154
0.000443 0.994409 0.005148
0.506084 0.375899 0.118017
0.407906 0.241175 0.350919
0.058373 0.774145 0.167482
0.004807 0.994891 0.000302
0.000640 0.961981 0.037379
0.554945 0.079378 0.365677
0.395088 0.021163 0.583749
0.960581 0.003059 0.036360
0.680385 0.000359 0.319255
0.006739 0.992487 0.000774
0.000217 0.994343 0.005440
0.882746 0.013831 0.103423
0.044695 0.952742 0.002563
0.971246 0.006032 0.022721
0.002218 0.996812 0.000971
0.000015 0.999971 0.000014
0.901296 0.095045 0.003659
0.589305 0.233295 0.177400
0.574964 0.280396 0.144640
0.705436 0.025883 0.268681
0.770343 0.115759 0.113898
0.907859 0.074318 0.017823
0.158972 0.832009 0.009020
0.762989 0.002562 0.234448
0.713239 0.282055 0.004706
0.026357 0.247676 0.725967
0.000704 0.967235 0.032061
0.003035 0.966098 0.030867
0.003845 0.996149 0.000007
0.930983 0.028367 0.040650
0.860838 0.101350 0.037811
0.726626 0.016858 0.256516
0.944276 0.040052 0.015672
0.480217 0.012851 0.506932
0.336955 0.358204 0.304841
0.907942 0.038126 0.053932
0.986756 0.010596 0.002648
0.077618 0.921785 0.000597
0.957333 0.040252 0.002415
0.012904 0.596810 0.390286
0.285853 0.000381 0.713766
0.274038 0.064157 0.661806
0.000005 0.999219 0.000776
0.040694 0.931159 0.028148
0.913960 0.013543 0.072497
0.277417 0.721528 0.001055
0.000531 0.999289 0.000179
0.134366 0.865099 0.000535
0.401547 0.563201 0.035252
0.055139 0.906453 0.038408
0.000006 0.999904 0.000091
0.420734 0.527888 0.051378
0.003281 0.996084 0.000636
0.091496 0.861969 0.046535
0.022718 0.977070 0.000212
0.769587 0.013002 0.217411
0.000001 0.998372 0.001628
0.925779 0.071247 0.002973
0.014954 0.983125 0.001921
0.274424 0.011935 0.713641
0.570575 0.025296 0.404129
0.024947 0.969375 0.005678
0.465657 0.169656 0.364687
0.613122 0.040321 0.346558
0.179911 0.215643 0.604446
0.000507 0.999457 0.000036
0.887993 0.109755 0.002253
0.006216 0.993753 0.000031
0.050502 0.946424 0.003074
0.897765 0.099745 0.002490
0.798141 0.010991 0.190868
0.001859 0.997922 0.000220
0.000004 0.991038 0.008958
0.016678 0.983313 0.000009
0.004052 0.994603 0.001345
0.258861 0.737726 0.003413
0.025002 0.944024 0.030974
0.869498 0.130145 0.000356
0.835971 0.039316 0.124714
0.550304 0.052486 0.397211
0.006159 0.993296 0.000545
0.019766 0.962508 0.017726
0.622351 0.049985 0.327664
0.425352 0.082173 0.492474
0.378346 0.621629 0.000025
0.000120 0.974333 0.025547
0.065180 0.926699 0.008121
0.003244 0.993589 0.003167
0.143147 0.849732 0.007121
0.003467 0.996034 0.000499
0.578056 0.402075 0.019870
0.000001 0.999968 0.000031
0.000110 0.999379 0.000511
0.000462 0.999407 0.000131
0.249989 0.747976 0.002034
0.552233 0.402285 0.045482
0.121012 0.872821 0.006167
0.003075 0.996876 0.000048
0.555910 0.031497 0.412592
0.070999 0.027109 0.901892
0.001509 0.989827 0.008664
0.243779 0.211760 0.544461
0.541194 0.004693 0.454113
0.670522 0.007987 0.321491
0.876889 0.099221 0.023889
0.500589 0.451698 0.047713
0.052335 0.947025 0.000640
0.000029 0.999852 0.000119
0.017365 0.982606 0.000029
0.947787 0.001975 0.050238
0.678787 0.260153 0.061061
0.002309 0.997342 0.000349
0.005649 0.093361 0.900990
0.016294 0.928036 0.055669
0.024339 0.958701 0.016960
0.084301 0.806905 0.108793
0.021176 0.958644 0.020180
0.006787 0.991152 0.002061
0.001695 0.996412 0.001893
0.115874 0.862844 0.021282
0.181937 0.711634 0.106429
0.000177 0.999048 0.000775
0.813942 0.037744 0.148314
0.009397 0.990585 0.000018
0.983915 0.003737 0.012349
0.013689 0.985570 0.000741
0.625052 0.374566 0.000382
0.016163 0.973729 0.010108
0.003280 0.994546 0.002173
0.305981 0.641691 0.052327
0.772484 0.095941 0.131575
0.039757 0.044718 0.915526
0.000000 0.999808 0.000192
0.935559 0.029987 0.034454
0.905819 0.023977 0.070205
0.095673 0.859527 0.044800
0.412944 0.583554 0.003502
0.002326 0.997634 0.000040
0.014069 0.984105 0.001826
0.112301 0.832267 0.055431
0.834820 0.023900 0.141280
0.074055 0.013158 0.912787
0.626917 0.264540 0.108543
0.898811 0.077544 0.023645
0.000924 0.983304 0.015772
0.003573 0.949076 0.047351
0.940451 0.059325 0.000224
0.000054 0.999406 0.000541
0.858865 0.005688 0.135447
0.010615 0.933881 0.055504
0.022710 0.969469 0.007821
0.938709 0.036346 0.024945
0.982875 0.001452 0.015674
0.003994 0.994352 0.001655
0.003722 0.782963 0.213314
0.000243 0.998289 0.001468
0.848157 0.038132 0.113711
0.403307 0.047530 0.549164
0.004621 0.973343 0.022036
0.839129 0.125697 0.035174
0.073608 0.926002 0.000390
0.004427 0.995555 0.000018
0.234778 0.356567 0.408655
0.790761 0.128751 0.080488
0.883352 0.032064 0.084584
0.818266 0.066027 0.115708
0.402794 0.537623 0.059583
0.012491 0.164419 0.823090
0.213704 0.610241 0.176055
0.442753 0.115445 0.441802
0.728216 0.102657 0.169127
0.895544 0.103216 0.001239
0.644663 0.012381 0.342956
0.610807 0.059423 0.329770
0.007486 0.991544 0.000970
0.209880 0.790112 0.000008
0.460001 0.031906 0.508094
0.130912 0.852884 0.016204
0.000023 0.998290 0.001687
0.830365 0.169337 0.000298
0.299387 0.636855 0.063759
0.087871 0.911544 0.000584
0.508824 0.337275 0.153901
0.007991 0.990408 0.001601
0.000595 0.997626 0.001778
0.824868 0.174159 0.000972
0.042590 0.957406 0.000004
0.690722 0.291170 0.018107
0.257382 0.726713 0.015905
0.318874 0.605369 0.075757
0.027315 0.965575 0.007110
0.001466 0.998235 0.000300
0.731681 0.202971 0.065348
0.090069 0.909133 0.000798
0.177832 0.020964 0.801204
0.247973 0.745698 0.006329
0.000432 0.978478 0.021089
0.002180 0.963176 0.034644
0.837664 0.090649 0.071687
0.695780 0.057211 0.247009
0.005569 0.991119 0.003312
0.126489 0.872985 0.000526
0.644220 0.155853 0.199927
0.846708 0.146199 0.007094
0.045571 0.953596 0.000833
0.000087 0.997411 0.002502
0.004893 0.994903 0.000204
0.905466 0.043577 0.050957
0.885004 0.114767 0.000229
0.877534 0.041663 0.080804
0.884211 0.059902 0.055886
0.919922 0.008450 0.071628
0.631530 0.017137 0.351333
0.945407 0.017065 0.037528
0.009001 0.990744 0.000255
0.066252 0.057545 0.876203
0.000526 0.999474 0.000001
0.028555 0.837189 0.134256
0.572696 0.074212 0.353092
0.928830 0.013744 0.057426
0.056078 0.929293 0.014629
0.011513 0.986905 0.001582
0.653536 0.096512 0.249953
0.061376 0.198602 0.740022
0.129907 0.846332 0.023761
0.979252 0.007369 0.013380
0.081471 0.881444 0.037085
0.915092 0.032718 0.052190
0.792271 0.202632 0.005097
0.000777 0.991820 0.007404
0.000025 0.999707 0.000269
0.011027 0.957706 0.031268
0.000072 0.999860 0.000068
0.775961 0.161918 0.062121
0.749321 0.248196 0.002483
0.342376 0.644779 0.012845
0.547545 0.303737 0.148718
0.005946 0.993744 0.000310
0.977062 0.018733 0.004205
0.000258 0.994719 0.005023
0.927379 0.000126 0.072496
0.820586 0.083354 0.096060
0.349923 0.553192 0.096885
0.167216 0.644208 0.188576
0.584919 0.008621 0.406460
0.002057 0.972791 0.025153
0.545263 0.379103 0.075634
0.911398 0.001378 0.087224
0.285525 0.143895 0.570580
0.922296 0.006142 0.071562
0.002347 0.967610 0.030043
0.220324 0.720410 0.059266
0.005325 0.475077 0.519598
0.070672 0.858197 0.071131
0.146587 0.764662 0.088751
0.939029 0.046801 0.014170
0.000073 0.997338 0.002589
0.310161 0.689686 0.000153
0.980394 0.019108 0.000498
0.804397 0.193968 0.001635
0.973539 0.005288 0.021173
0.012908 0.985105 0.001988
0.925428 0.014574 0.059998
0.614669 0.026229 0.359103
0.792410 0.019078 0.188511
0.846762 0.024553 0.128686
0.367914 0.001836 0.630250
0.978492 0.006010 0.015498
0.219989 0.779398 0.000612
0.918390 0.078752 0.002859
0.529272 0.004980 0.465749
0.784600 0.007792 0.207608
0.861003 0.135433 0.003564
0.859336 0.004944 0.135720
0.969958 0.021238 0.008805
0.893217 0.001566 0.105217
0.003042 0.643259 0.353699
0.956473 0.024640 0.018887
0.314936 0.016144 0.668920
0.006466 0.992003 0.001531
0.484581 0.506700 0.008719
0.937837 0.015931 0.046232
0.799063 0.025373 0.175564
0.954898 0.030203 0.014899
0.219487 0.144950 0.635562
0.000152 0.788661 0.211187
0.491759 0.020340 0.487901
0.759666 0.219844 0.020490
0.052790 0.935368 0.011843
0.168785 0.814260 0.016955
0.120560 0.717995 0.161446
0.000062 0.948816 0.051123
0.057296 0.899262 0.043441
0.648749 0.022037 0.329214
0.004038 0.995939 0.000023
0.194156 0.804719 0.001125
0.206585 0.006076 0.787339
0.332854 0.012732 0.654414
0.649784 0.285024 0.065193
0.971345 0.007205 0.021450
0.002810 0.927115 0.070076
0.015357 0.768788 0.215855
0.140599 0.859287 0.000114
0.002118 0.997580 0.000302
0.012083 0.987867 0.000051
0.121281 0.021482 0.857237
0.003656 0.181682 0.814662
0.518226 0.481512 0.000262
0.004103 0.987373 0.008524
0.371278 0.623461 0.005261
0.002604 0.975319 0.022077
0.155161 0.800429 0.044411
0.820507 0.178909 0.000584
0.026398 0.951773 0.021829
0.817649 0.014942 0.167410
0.203805 0.043300 0.752895
0.682188 0.148454 0.169358
0.542305 0.278947 0.178748
0.049582 0.910124 0.040294
0.889995 0.037797 0.072207
0.750181 0.037860 0.211959
0.681689 0.317276 0.001035
0.811227 0.034120 0.154653
0.000526 0.909007 0.090468
0.263927 0.730550 0.005522
0.055631 0.941789 0.002579
0.820521 0.011077 0.168402
0.386694 0.595336 0.017970
0.175326 0.824252 0.000422
0.922501 0.032119 0.045380
0.818254 0.067493 0.114252
0.001669 0.333046 0.665284
0.000070 0.999927 0.000003
0.946060 0.004238 0.049702
0.040654 0.956083 0.003263
0.006880 0.991855 0.001266
0.720530 0.132097 0.147373
0.062151 0.925214 0.012635
0.020317 0.975122 0.004561
0.006587 0.983162 0.010252
0.270792 0.029396 0.699812
0.823745 0.059648 0.116607
0.253779 0.729320 0.016902
0.056429 0.000298 0.943274
0.050182 0.630866 0.318952
0.256766 0.731568 0.011666
0.771527 0.119834 0.108638
0.794790 0.053416 0.151794
0.001689 0.998144 0.000167
0.000049 0.997949 0.002001
0.969025 0.007418 0.023557
0.000341 0.993905 0.005755
0.048128 0.951436 0.000436
0.865682 0.035982 0.098336
0.076578 0.920057 0.003365
0.929995 0.069515 0.000490
0.892673 0.014107 0.093220
0.975843 0.020740 0.003417
0.826009 0.173645 0.000346
0.762295 0.204469 0.033236
0.861856 0.133312 0.004832
0.000073 0.998936 0.000991
0.932021 0.055774 0.012205
0.110452 0.002479 0.887069
0.483912 0.466672 0.049416
0.007503 0.971108 0.021389
0.576753 0.101847 0.321400
0.595304 0.398718 0.005978
0.004202 0.974170 0.021628
0.329978 0.662628 0.007394
0.771269 0.001117 0.227614
0.454870 0.016233 0.528897
0.075065 0.283302 0.641633
0.000213 0.983895 0.015893
0.060833 0.938927 0.000240
0.668629 0.331258 0.000114
0.004302 0.995141 0.000557
0.954272 0.041451 0.004278
0.812817 0.186697 0.000486
0.014204 0.980439 0.005357
0.111052 0.860980 0.027968
0.336942 0.654404 0.008654
0.468429 0.078420 0.453151
0.778468 0.207146 0.014386
0.511628 0.367951 0.120421
0.097358 0.875657 0.026985
0.026564 0.916390 0.057046
0.060819 0.932506 0.006675
0.041333 0.939900 0.018767
0.001670 0.991835 0.006494
0.966338 0.017284 0.016378
0.249333 0.748919 0.001747
0.400583 0.363843 0.235575
0.000422 0.937051 0.062526
0.000550 0.980392 0.019059
0.936947 0.001527 0.061526
0.007773 0.989453 0.002774
0.008452 0.989679 0.001869
0.064946 0.881968 0.053086
0.188813 0.794150 0.017037
0.138192 0.861742 0.000066
0.019868 0.863330 0.116802
0.855246 0.050103 0.094651
0.119907 0.865341 0.014752
0.725157 0.176673 0.098170
0.116299 0.848762 0.034939
0.077675 0.660818 0.261507
0.636874 0.001839 0.361287
0.029323 0.969531 0.001146
0.896149 0.029366 0.074485
0.936970 0.012335 0.050695
0.012917 0.983407 0.003676
0.098084 0.354553 0.547363
0.000508 0.999410 0.000082
0.024258 0.806858 0.168884
0.000730 0.997454 0.001816
0.201632 0.738318 0.060051
0.834909 0.156974 0.008117
0.099861 0.031336 0.868803
0.990762 0.006758 0.002480
0.396706 0.586090 0.017204
0.707647 0.008923 0.283430
0.954240 0.026323 0.019436
0.694360 0.305433 0.000207
0.003611 0.953211 0.043177
0.882670 0.116693 0.000637
0.002988 0.995928 0.001084
0.310778 0.689047 0.000176
0.076690 0.882257 0.041053
0.019135 0.045511 0.935354
0.588449 0.118203 0.293348
0.788247 0.152839 0.058914
0.526797 0.008046 0.465158
0.020417 0.056414 0.923169
0.139770 0.227942 0.632288
0.088357 0.897469 0.014175
0.107329 0.886587 0.006084
0.724478 0.269656 0.005866
0.000058 0.998036 0.001906
0.902318 0.091112 0.006570
0.000037 0.993810 0.006153
0.075332 0.012899 0.911769
0.746381 0.023596 0.230022
0.774010 0.225873 0.000118
0.002043 0.992998 0.004959
0.633485 0.011929 0.354587
0.978035 0.006778 0.015187
0.884475 0.025780 0.089744
0.022875 0.973074 0.004051
0.308744 0.689682 0.001574
0.906954 0.078315 0.014731
0.000150 0.998673 0.001177
0.988331 0.005217 0.006452
0.903863 0.010909 0.085228
0.114026 0.557441 0.328533
0.491624 0.502804 0.005572
0.095558 0.006385 0.898057
0.851321 0.148649 0.000030
0.037942 0.942347 0.019711
0.868293 0.002818 0.128889
0.962636 0.012762 0.024603
0.600784 0.102075 0.297141
0.646110 0.268828 0.085062
0.719641 0.227952 0.052407
0.070244 0.929316 0.000440
0.203204 0.795064 0.001733
0.946630 0.031996 0.021374
0.042014 0.941168 0.016818
0.809147 0.176491 0.014363
0.632494 0.367138 0.000369
0.225279 0.642551 0.132171
0.878465 0.115732 0.005803
0.000009 0.989181 0.010810
0.050109 0.943656 0.006235
0.168183 0.801105 0.030712
0.000145 0.999332 0.000523
0.716129 0.240212 0.043659
0.098681 0.899818 0.001501
0.816898 0.110630 0.072472
0.496984 0.486845 0.016171
0.002531 0.997306 0.000163
0.000159 0.802896 0.196945
0.292012 0.707843 0.000145
0.017075 0.982630 0.000296
0.784205 0.214801 0.000995
0.025214 0.969121 0.005665
0.113733 0.881295 0.004972
0.943052 0.010138 0.046810
0.001248 0.998010 0.000742
0.662205 0.063815 0.273980
0.000105 0.999409 0.000486
0.256733 0.739651 0.003616
0.007490 0.825296 0.167214
0.743354 0.250356 0.006290
0.194314 0.803533 0.002153
0.556769 0.101043 0.342188
0.876679 0.018244 0.105077
0.079186 0.734073 0.186741
0.417930 0.581804 0.000266
0.031501 0.960576 0.007922
0.191659 0.808276 0.000065
0.930864 0.004300 0.064836
0.185132 0.272377 0.542491
0.001062 0.992733 0.006205
0.011819 0.988083 0.000098
0.007342 0.980710 0.011948
0.506462 0.142410 0.351128
0.977952 0.005276 0.016772
0.000017 0.999931 0.000052
0.718128 0.279355 0.002517
0.006040 0.993797 0.000164
0.000379 0.936534 0.063088
0.469148 0.177978 0.352874
0.097536 0.901732 0.000732
0.423311 0.019412 0.557277
0.002504 0.947883 0.049613
0.003625 0.995704 0.000671
0.026807 0.920124 0.053069
0.921344 0.007962 0.070694
0.315907 0.683762 0.000331
0.023479 0.976514 0.000006
0.024438 0.974531 0.001031
0.004695 0.368041 0.627264
0.005156 0.455770 0.539074
0.191434 0.710624 0.097942
0.010836 0.979025 0.010139
0.275218 0.721302 0.003480
0.115659 0.876876 0.007465
0.969777 0.026162 0.004061
0.000221 0.986939 0.012840
0.296702 0.003539 0.699759
0.027369 0.922159 0.050472
0.002544 0.992204 0.005252
0.317326 0.346629 0.336045
0.004923 0.978112 0.016964
0.000034 0.999622 0.000344
0.255319 0.743968 0.000713
0.118488 0.555137 0.326375
0.094884 0.899438 0.005679
0.000420 0.999306 0.000274
0.002099 0.997197 0.000705
0.000240 0.998181 0.001579
0.028324 0.970868 0.000808
0.001325 0.998663 0.000012
0.951644 0.012755 0.035601
0.976333 0.003457 0.020210
0.005214 0.984803 0.009982
0.010519 0.987051 0.002430
0.000075 0.998162 0.001763
0.036812 0.949571 0.013617
0.167706 0.829491 0.002803
0.917501 0.009684 0.072816
0.470632 0.525445 0.003924
0.849048 0.002099 0.148853
0.000013 0.999544 0.000443
0.058275 0.021491 0.920235
0.028657 0.914250 0.057092
0.005843 0.978549 0.015608
0.028868 0.964318 0.006814
0.245908 0.142522 0.611570
0.410674 0.021752 0.567574
0.002544 0.996663 0.000793
0.001184 0.998772 0.000044
0.617104 0.382449 0.000447
0.013137 0.866194 0.120669
0.761574 0.238156 0.000270
0.070317 0.924156 0.005527
0.002577 0.863420 0.134003
0.132681 0.859593 0.007726
0.948300 0.029213 0.022488
0.039440 0.960043 0.000517
0.894181 0.001489 0.104330
0.003468 0.996517 0.000015
0.000673 0.998293 0.001034
0.031620 0.968232 0.000147
0.726715 0.025315 0.247970
0.918660 0.058106 0.023234
0.742239 0.100439 0.157321
0.023617 0.916634 0.059750
0.456603 0.470774 0.072623
0.001084 0.998170 0.000746
0.316343 0.008544 0.675114
0.095138 0.775095 0.129768
0.474754 0.019121 0.506125
0.034469 0.585501 0.380030
0.096718 0.000682 0.902600
0.004171 0.995445 0.000384
0.186816 0.813061 0.000123
0.015712 0.984208 0.000080
0.041067 0.892268 0.066665
0.021705 0.916462 0.061833
0.039622 0.960050 0.000328
0.000555 0.974417 0.025028
0.864090 0.135410 0.000501
0.485306 0.506096 0.008598
0.033152 0.928902 0.037947
0.982345 0.004032 0.013623
0.074150 0.757553 0.168298
0.196146 0.750854 0.053001
0.771895 0.000238 0.227867
0.269511 0.489224 0.241265
0.009269 0.981829 0.008902
0.019480 0.564973 0.415547
0.960718 0.039025 0.000257
0.475805 0.487032 0.037162
0.829759 0.147666 0.022576
0.989743 0.005149 0.005108
0.648993 0.349765 0.001243
0.670108 0.152692 0.177200
0.910726 0.065741 0.023533
0.510216 0.468920 0.020864
0.945863 0.021327 0.032809
0.030908 0.966767 0.002325
0.772423 0.226385 0.001192
0.956954 0.032585 0.010461
0.100576 0.898279 0.001145
0.771496 0.014849 0.213654
0.003417 0.989939 0.006644
0.975219 0.001486 0.023295
0.020588 0.795774 0.183638
0.001931 0.997968 0.000101
0.052147 0.002311 0.945542
0.007658 0.990409 0.001933
0.018671 0.980741 0.000589
0.918409 0.077744 0.003847
0.404240 0.560259 0.035500
0.036944 0.960334 0.002722
0.816005 0.027917 0.156078
0.009780 0.986497 0.003723
0.028924 0.945937 0.025139
0.000051 0.986509 0.013440
0.000197 0.995034 0.004769
0.983707 0.013279 0.003014
0.001490 0.997315 0.001195
0.071091 0.927577 0.001332
0.553641 0.445533 0.000826
0.000003 0.999718 0.000279
0.419824 0.179070 0.401106
0.363167 0.630538 0.006295
0.873494 0.110561 0.015946
0.005991 0.993426 0.000583
0.981029 0.007047 0.011924
0.832802 0.107823 0.059374
0.227377 0.738349 0.034274
0.352020 0.202465 0.445515
0.001314 0.998656 0.000030
0.450654 0.220468 0.328879
0.987434 0.001044 0.011522
0.163700 0.019937 0.816364
0.678324 0.307631 0.014045
0.000206 0.996342 0.003452
0.026890 0.936107 0.037002
0.286223 0.004192 0.709585
0.603749 0.019920 0.376331
0.030301 0.962021 0.007678
0.006606 0.982955 0.010439
0.002920 0.997069 0.000011
0.858422 0.141179 0.000399
0.757824 0.007453 0.234723
0.839111 0.145997 0.014892
0.182216 0.810470 0.007314
0.856797 0.006872 0.136331
0.160806 0.823352 0.015841
0.088060 0.878946 0.032994
0.888127 0.012675 0.099198
0.420562 0.579428 0.000010
0.490297 0.244820 0.264883
0.011990 0.987546 0.000464
0.985566 0.007347 0.007087
0.000009 0.998502 0.001489
0.522400 0.477021 0.000579
0.019997 0.979975 0.000029
0.088936 0.693928 0.217136
0.169848 0.816114 0.014038
0.932664 0.056358 0.010978
0.948820 0.001731 0.049449
0.967048 0.030207 0.002745
0.935794 0.064078 0.000128
0.767184 0.214387 0.018428
0.869136 0.100919 0.029946
0.585009 0.180910 0.234081
0.000167 0.999220 0.000613
0.108791 0.879113 0.012096
0.114943 0.873251 0.011806
0.227998 0.767859 0.004143
0.012564 0.987072 0.000364
0.004008 0.991182 0.004810
0.114921 0.884686 0.000393
0.960017 0.013040 0.026943
0.852571 0.016744 0.130685
0.705321 0.292165 0.002514
0.848071 0.106169 0.045760
0.475617 0.442054 0.082329
0.000387 0.998733 0.000880
0.015656 0.951285 0.033060
0.885010 0.093989 0.021002
0.878554 0.027560 0.093885
0.962932 0.034823 0.002245
0.000406 0.999587 0.000007
0.812271 0.174740 0.012988
0.000027 0.999773 0.000200
0.959887 0.029638 0.010475
0.471986 0.225412 0.302602
0.015012 0.724039 0.260950
0.821940 0.113960 0.064100
0.000150 0.999721 0.000129
0.003848 0.989083 0.007068
0.110455 0.423822 0.465723
0.918960 0.069670 0.011370
0.215088 0.085753 0.699159
0.003174 0.996195 0.000631
0.029260 0.949964 0.020777
0.000501 0.953088 0.046411
0.003527 0.893788 0.102686
0.878191 0.001426 0.120382
0.006813 0.990591 0.002596
0.599426 0.181003 0.219571
0.004975 0.993099 0.001926
0.976161 0.009921 0.013918
0.017224 0.700447 0.282329
0.213959 0.004993 0.781048
0.064745 0.933851 0.001404
0.578692 0.004865 0.416443
0.103865 0.441194 0.454941
0.000156 0.999223 0.000622
0.036733 0.954812 0.008455
0.314133 0.665781 0.020087
0.127555 0.872074 0.000371
0.192542 0.022013 0.785445
0.937661 0.001168 0.061172
0.041194 0.182318 0.776488
0.838875 0.101736 0.059389
0.835820 0.017004 0.147176
0.022438 0.974096 0.003467
0.032432 0.936095 0.031473
0.015036 0.818393 0.166571
0.701428 0.289993 0.008579
0.693814 0.036153 0.270033
0.843005 0.013857 0.143138
0.036719 0.962210 0.001070
0.827432 0.172013 0.000554
0.000014 0.998529 0.001457
0.918073 0.053194 0.028733
0.664409 0.001462 0.334130
0.025152 0.467988 0.506860
0.804706 0.191506 0.003788
0.034222 0.922314 0.043464
0.009871 0.437246 0.552883
0.718577 0.242253 0.039171
0.003915 0.978929 0.017156
0.468863 0.518697 0.012441
0.000200 0.999796 0.000004
0.000417 0.999529 0.000055
0.881412 0.016563 0.102025
0.299414 0.185767 0.514819
0.284025 0.040205 0.675769
0.008279 0.988581 0.003140
0.051310 0.070319 0.878371
0.003136 0.995932 0.000932
0.400266 0.596047 0.003687
0.039895 0.723870 0.236235
0.047502 0.952035 0.000463
0.842123 0.071316 0.086561
0.063345 0.933631 0.003023
0.891303 0.000796 0.107902
0.003167 0.995025 0.001808
0.022229 0.976080 0.001691
0.708414 0.223707 0.067879
0.000068 0.999783 0.000149
0.004512 0.995460 0.000027
0.016109 0.953090 0.030800
0.027765 0.766695 0.205539
0.560982 0.435346 0.003672
0.002866 0.997118 0.000016
0.808884 0.059217 0.131899
0.465043 0.475478 0.059479
0.002381 0.997463 0.000155
0.955990 0.028806 0.015204
0.060391 0.819110 0.120499
0.938794 0.042479 0.018727
0.163760 0.811710 0.024530
0.000040 0.998190 0.001770
0.270045 0.722358 0.007597
0.208372 0.791228 0.000400
0.925834 0.047037 0.027129
0.371394 0.005546 0.623060
0.927900 0.029457 0.042643
0.809547 0.012495 0.177958
0.011030 0.965222 0.023748
0.000188 0.996302 0.003510
0.008111 0.909916 0.081973
0.890969 0.019692 0.089339
0.000133 0.992112 0.007755
0.000621 0.933439 0.065939
0.150883 0.840239 0.008878
0.086038 0.910804 0.003158
0.460154 0.331706 0.208140
0.325328 0.652138 0.022533
0.105157 0.005473 0.889370
0.839119 0.002779 0.158102
0.885029 0.026484 0.088487
0.458472 0.277205 0.264323
0.035810 0.940052 0.024138
0.033699 0.966104 0.000197
0.555225 0.002651 0.442125
0.958845 0.033009 0.008146
0.562795 0.355023 0.082182
0.426600 0.458988 0.114413
0.751750 0.245774 0.002476
0.828956 0.091747 0.079297
0.002250 0.925571 0.072179
0.000130 0.966162 0.033708
0.819547 0.140405 0.040049
0.491262 0.336576 0.172162
0.005922 0.993434 0.000644
0.726593 0.113817 0.159590
0.459560 0.503779 0.036661
0.018518 0.981411 0.000071
0.000375 0.999513 0.000112
0.004677 0.908769 0.086554
0.830740 0.141765 0.027496
0.018295 0.979331 0.002374
0.098871 0.896646 0.004483
0.232797 0.767162 0.000041
0.094394 0.904131 0.001476
0.766290 0.231501 0.002210
0.608211 0.354759 0.037031
0.016203 0.981233 0.002564
0.024775 0.972487 0.002738
0.743851 0.133435 0.122713
0.987569 0.007022 0.005409
0.053331 0.890791 0.055878
0.859707 0.053423 0.086870
0.068376 0.928557 0.003067
0.483782 0.276107 0.240110
0.970822 0.028772 0.000406
0.030290 0.969343 0.000368
0.264994 0.730514 0.004492
0.862858 0.073260 0.063882
0.216709 0.768772 0.014518
0.020674 0.968433 0.010893
0.871598 0.017623 0.110779
0.002019 0.925211 0.072769
0.566906 0.430653 0.002441
0.949349 0.023372 0.027280
0.001317 0.998655 0.000028
0.486540 0.447922 0.065538
0.000157 0.973954 0.025889
0.887043 0.007160 0.105797
0.927391 0.045728 0.026880
0.685897 0.029117 0.284986
0.072319 0.769406 0.158275
0.553733 0.001136 0.445131
0.968451 0.016503 0.015046
0.816802 0.013905 0.169293
0.962488 0.027331 0.010181
0.241099 0.737096 0.021804
0.968923 0.004831 0.026246
0.113300 0.836839 0.049861
0.630629 0.174321 0.195050
0.000301 0.971150 0.028549
0.634969 0.358867 0.006164
0.615808 0.314919 0.069272
0.018750 0.976471 0.004778
0.963734 0.035409 0.000857
0.086010 0.906641 0.007349
0.011172 0.988818 0.000010
0.001131 0.998758 0.000112
0.298186 0.676438 0.025376
0.600702 0.397005 0.002292
0.878439 0.057017 0.064544
0.635841 0.361222 0.002937
0.791039 0.150333 0.058628
0.004098 0.994927 0.000975
0.000268 0.999706 0.000027
0.084195 0.833077 0.082728
0.944716 0.054409 0.000874
0.205863 0.793895 0.000242
0.000427 0.999450 0.000123
0.983378 0.001655 0.014967
0.001302 0.998666 0.000031
0.008791 0.991179 0.000030
0.001451 0.998398 0.000152
0.003608 0.795622 0.200769
0.606939 0.003336 0.389725
0.690766 0.216923 0.092311
0.444757 0.555185 0.000058
0.000013 0.999734 0.000254
0.000219 0.965606 0.034175
0.305506 0.687980 0.006514
0.002241 0.997570 0.000189
0.078752 0.085207 0.836041
0.002985 0.995348 0.001666
0.471472 0.014106 0.514423
0.001917 0.997674 0.000409
0.098380 0.515698 0.385922
0.970655 0.026116 0.003229
0.020169 0.415898 0.563933
0.115476 0.584739 0.299785
0.046875 0.945178 0.007947
0.006553 0.993207 0.000240
0.559642 0.006830 0.433528
0.006452 0.993501 0.000047
0.000637 0.907961 0.091403
0.000349 0.998652 0.001000
0.057599 0.937640 0.004762
0.973114 0.001063 0.025822
0.566545 0.316898 0.116557
0.010203 0.989794 0.000003
0.002003 0.997074 0.000923
0.868727 0.023359 0.107914
0.682911 0.315147 0.001942
0.952988 0.046025 0.000987
0.051190 0.945488 0.003321
0.725008 0.023419 0.251573
0.613537 0.302219 0.084245
0.003698 0.992724 0.003578
0.775863 0.021930 0.202207
0.319018 0.672325 0.008657
0.535093 0.227965 0.236942
0.023145 0.966765 0.010090
0.000007 0.999951 0.000042
0.876593 0.099337 0.024070
0.004353 0.994268 0.001379
0.569762 0.430204 0.000034
0.881645 0.117547 0.000808
0.638805 0.002302 0.358893
0.824598 0.008822 0.166581
0.011351 0.986689 0.001960
0.015647 0.978704 0.005649
0.405970 0.216186 0.377844
0.075456 0.922818 0.001726
0.261435 0.001803 0.736762
0.000374 0.970533 0.029093
0.000995 0.998893 0.000112
0.256724 0.708212 0.035064
0.000024 0.999974 0.000002
0.002142 0.953263 0.044596
0.579602 0.420098 0.000299
0.081455 0.912024 0.006520
0.002419 0.995546 0.002035
0.011881 0.986458 0.001661
0.603793 0.392413 0.003794
0.028590 0.967140 0.004269
0.132117 0.692577 0.175307
0.005104 0.994553 0.000343
0.083515 0.892677 0.023808
0.737780 0.163679 0.098541
0.150452 0.005069 0.844479
0.000040 0.999526 0.000434
0.486704 0.398733 0.114563
0.000008 0.997466 0.002526
0.988167 0.005226 0.006607
0.771936 0.188245 0.039819
0.440138 0.557751 0.002111
0.942194 0.056880 0.000927
0.017831 0.960017 0.022152
0.019791 0.964016 0.016193
0.142585 0.008679 0.848736
0.054564 0.944328 0.001108
0.818632 0.175563 0.005805
0.954772 0.001509 0.043719
0.100514 0.868422 0.031064
0.000005 0.999915 0.000079
0.964309 0.017911 0.017779
0.000891 0.989586 0.009522
0.835327 0.025725 0.138948
0.131495 0.811699 0.056805
0.683749 0.314402 0.001850
0.002250 0.997658 0.000092
0.043389 0.953621 0.002990
0.008586 0.991411 0.000004
0.001830 0.972263 0.025907
0.030613 0.966077 0.003310
0.001176 0.998627 0.000196
0.805154 0.193725 0.001121
0.575876 0.385913 0.038211
0.762439 0.236465 0.001097
0.315944 0.681879 0.002177
0.000708 0.999284 0.000008
0.870499 0.021910 0.107591
0.006906 0.886011 0.107083
0.717687 0.159427 0.122887
0.935431 0.018525 0.046043
0.822344 0.004436 0.173220
0.819636 0.028371 0.151993
0.010337 0.675512 0.314151
0.872893 0.105312 0.021795
0.627447 0.351809 0.020744
0.845361 0.010855 0.143784
0.328621 0.162148 0.509230
0.010790 0.908824 0.080386
0.000122 0.999236 0.000642
0.030305 0.969626 0.000069
0.072657 0.914029 0.013314
