0.008874 0.956528 0.034598
0.863908 0.064612 0.071479
0.001284 0.995238 0.003478
0.206289 0.756125 0.037586
0.480029 0.503627 0.016345
0.294578 0.577706 0.127716
0.081700 0.863657 0.054643
0.650599 0.047608 0.301793
0.173634 0.196820 0.629546
0.041576 0.957265 0.001159
0.000268 0.987988 0.011744
0.055169 0.611374 0.333457
0.008668 0.990906 0.000426
0.679959 0.161326 0.158715
0.102884 0.024787 0.872328
0.822104 0.117534 0.060362
0.468568 0.493103 0.038329
0.002025 0.997542 0.000432
0.854153 0.043742 0.102104
0.231478 0.743686 0.024836
0.152745 0.817439 0.029816
0.068416 0.024351 0.907233
0.350523 0.134187 0.515290
0.110953 0.842552 0.046495
0.104626 0.569896 0.325477
0.004957 0.954071 0.040972
0.002715 0.942392 0.054894
0.265731 0.304420 0.429849
0.846578 0.004204 0.149218
0.111844 0.884897 0.003260
0.011558 0.893340 0.095101
0.005555 0.964814 0.029630
0.696645 0.004210 0.299145
0.825658 0.056553 0.117789
0.949441 0.009686 0.040873
0.830786 0.005719 0.163494
0.810024 0.008281 0.181695
0.001109 0.983778 0.015112
0.901190 0.005574 0.093237
0.003731 0.995364 0.000905
0.030346 0.467245 0.502409
0.821530 0.139989 0.038481
0.000607 0.968137 0.031256
0.533179 0.451420 0.015401
0.487138 0.376566 0.136296
0.403666 0.042359 0.553974
0.287141 0.695333 0.017526
0.763369 0.042790 0.193841
0.500999 0.011045 0.487956
0.006967 0.991190 0.001842
0.135509 0.852910 0.011581
0.324721 0.030664 0.644616
0.000714 0.996045 0.003241
0.061974 0.304569 0.633457
0.079975 0.718313 0.201712
0.716474 0.022935 0.260591
0.002674 0.882382 0.114944
0.913944 0.041878 0.044178
0.008672 0.838615 0.152713
0.702052 0.278560 0.019388
0.073500 0.900811 0.025690
0.385891 0.324026 0.290083
0.756764 0.030074 0.213162
0.119031 0.827312 0.053657
0.030596 0.967708 0.001696
0.006877 0.991524 0.001599
0.001681 0.988509 0.009810
0.860425 0.011346 0.128229
0.492052 0.483150 0.024798
0.859671 0.002094 0.138235
0.902487 0.009766 0.087747
0.863766 0.026708 0.109527
0.640151 0.013929 0.345920
0.001377 0.762449 0.236174
0.852840 0.007932 0.139228
0.010215 0.833184 0.156601
0.006073 0.990368 0.003559
0.268415 0.421874 0.309711
0.487507 0.265849 0.246643
0.000940 0.980203 0.018857
0.864275 0.001613 0.134112
0.003235 0.996377 0.000388
0.582704 0.322662 0.094634
0.013452 0.984856 0.001692
0.069415 0.927908 0.002677
0.004561 0.980378 0.015061
0.895798 0.013889 0.090313
0.014256 0.971940 0.013804
0.159094 0.802948 0.037957
0.068084 0.922062 0.009853
0.089343 0.902676 0.007981
0.029224 0.916071 0.054705
0.067521 0.761176 0.171303
0.000886 0.803789 0.195326
0.731548 0.194417 0.074035
0.189422 0.484094 0.326484
0.120203 0.687425 0.192372
0.897024 0.004898 0.098078
0.431987 0.003644 0.564369
0.871188 0.061015 0.067797
0.702773 0.285734 0.011493
0.003244 0.995546 0.001210
0.690738 0.303006 0.006256
0.025650 0.952812 0.021538
0.014870 0.904640 0.080489
0.061106 0.254800 0.684094
0.005209 0.664875 0.329916
0.034358 0.133897 0.831745
0.003375 0.992494 0.004131
0.000721 0.982583 0.016696
0.859731 0.131024 0.009245
0.580429 0.408598 0.010973
0.489756 0.027496 0.482748
0.010897 0.975827 0.013276
0.036011 0.277909 0.686080
0.557563 0.405478 0.036959
0.003630 0.900939 0.095431
0.129831 0.642325 0.227844
0.003105 0.983250 0.013645
0.004693 0.977908 0.017399
0.883988 0.030848 0.085165
0.680556 0.009942 0.309502
0.874572 0.008293 0.117136
0.347313 0.085356 0.567331
0.378027 0.608636 0.013337
0.001745 0.996353 0.001901
0.030935 0.958445 0.010620
0.004129 0.985631 0.010241
0.047111 0.948035 0.004855
0.862303 0.031712 0.105985
0.016262 0.939594 0.044145
0.153561 0.830530 0.015909
0.236125 0.522119 0.241755
0.011708 0.987092 0.001200
0.235636 0.694886 0.069478
0.060020 0.932964 0.007017
0.463621 0.153609 0.382770
0.389465 0.024292 0.586243
0.835175 0.004484 0.160340
0.938753 0.007494 0.053753
0.119010 0.870899 0.010091
0.008003 0.976850 0.015147
0.058169 0.938135 0.003696
0.794110 0.196668 0.009222
0.243447 0.746360 0.010194
0.478602 0.513163 0.008235
0.002083 0.937838 0.060079
0.710865 0.190955 0.098180
0.742917 0.039141 0.217942
0.893280 0.028876 0.077844
0.002171 0.996476 0.001353
0.853270 0.116350 0.030380
0.001514 0.996642 0.001844
0.330325 0.507757 0.161918
0.757940 0.010717 0.231343
0.534253 0.047040 0.418707
0.844386 0.046836 0.108779
0.005548 0.968887 0.025565
0.002020 0.981575 0.016405
0.847497 0.048966 0.103536
0.276413 0.006569 0.717018
0.582660 0.172895 0.244446
0.861687 0.029260 0.109053
0.533427 0.215496 0.251078
0.006340 0.202132 0.791528
0.758511 0.004046 0.237443
0.079485 0.808632 0.111883
0.939287 0.023680 0.037033
0.001407 0.893329 0.105264
0.119648 0.435281 0.445072
0.006036 0.788185 0.205779
0.030899 0.883311 0.085789
0.001151 0.970793 0.028056
0.002538 0.944285 0.053177
0.005463 0.982249 0.012287
0.001246 0.860924 0.137829
0.892996 0.003925 0.103079
0.020942 0.959916 0.019142
0.001281 0.997075 0.001643
0.775581 0.006285 0.218134
0.876451 0.031525 0.092024
0.009702 0.678545 0.311753
0.853658 0.015016 0.131325
0.918862 0.010518 0.070621
0.754330 0.099800 0.145870
0.005451 0.660061 0.334488
0.001953 0.996698 0.001349
0.000491 0.986167 0.013342
0.665269 0.111886 0.222846
0.613384 0.073887 0.312729
0.808846 0.139972 0.051182
0.005756 0.988089 0.006154
0.343399 0.389643 0.266958
0.023366 0.620740 0.355894
0.198334 0.130435 0.671231
0.099111 0.890449 0.010441
0.868471 0.004424 0.127105
0.735004 0.226768 0.038227
0.091182 0.617104 0.291714
0.011105 0.952778 0.036117
0.004916 0.991962 0.003122
0.051641 0.850583 0.097776
0.006852 0.928455 0.064693
0.559689 0.432908 0.007403
0.706432 0.007746 0.285822
0.552282 0.018422 0.429295
0.762292 0.059439 0.178269
0.006860 0.872949 0.120191
0.014502 0.933516 0.051982
0.002853 0.816754 0.180393
0.009480 0.966600 0.023920
0.024059 0.973796 0.002145
0.472578 0.260185 0.267237
0.014758 0.954575 0.030668
0.228727 0.645547 0.125727
0.028385 0.778026 0.193588
0.163049 0.654151 0.182800
0.002746 0.939192 0.058062
0.018968 0.589230 0.391803
0.724293 0.267923 0.007784
0.875945 0.060458 0.063598
0.649982 0.058435 0.291583
0.095730 0.895161 0.009108
0.842718 0.047672 0.109610
0.951140 0.017445 0.031415
0.488783 0.047115 0.464103
0.000361 0.998785 0.000855
0.752242 0.014029 0.233729
0.227170 0.764014 0.008816
0.121335 0.757440 0.121224
0.637455 0.231993 0.130552
0.803602 0.071203 0.125195
0.768883 0.008367 0.222750
0.003825 0.716435 0.279740
0.021673 0.970287 0.008040
0.080533 0.862943 0.056524
0.862328 0.029795 0.107877
0.183383 0.086755 0.729862
0.003251 0.975276 0.021473
0.030614 0.858740 0.110646
0.000609 0.996346 0.003045
0.874269 0.027210 0.098522
0.849015 0.014135 0.136850
0.162037 0.264475 0.573489
0.005704 0.907262 0.087034
0.026926 0.628493 0.344581
0.364911 0.023766 0.611323
0.558297 0.077518 0.364185
0.008197 0.972141 0.019662
0.008170 0.889709 0.102121
0.001726 0.996646 0.001627
0.003944 0.975203 0.020853
0.895278 0.097681 0.007041
0.821832 0.152595 0.025573
0.864732 0.062562 0.072706
0.800589 0.018598 0.180813
0.261629 0.567086 0.171285
0.400801 0.006531 0.592668
0.011128 0.926395 0.062478
0.145905 0.790189 0.063906
0.126012 0.846974 0.027014
0.036664 0.950565 0.012771
0.010128 0.895814 0.094058
0.057353 0.769564 0.173083
0.261309 0.274977 0.463714
0.895036 0.062393 0.042571
0.485480 0.030914 0.483605
0.830145 0.069186 0.100668
0.871711 0.016991 0.111298
0.928782 0.056818 0.014401
0.897069 0.003331 0.099600
0.007853 0.692991 0.299156
0.003096 0.995924 0.000980
0.106674 0.876869 0.016457
0.064988 0.915944 0.019068
0.870582 0.012140 0.117278
0.012434 0.693524 0.294042
0.837437 0.026270 0.136293
0.065496 0.862211 0.072293
0.003911 0.929708 0.066380
0.600343 0.334346 0.065311
0.778108 0.060330 0.161562
0.009996 0.566578 0.423425
0.005751 0.981584 0.012666
0.026080 0.947883 0.026037
0.054874 0.856322 0.088804
0.149921 0.841289 0.008790
0.012249 0.979214 0.008538
0.598883 0.014784 0.386332
0.601468 0.019284 0.379247
0.029552 0.884468 0.085980
0.265351 0.013644 0.721005
0.782525 0.011136 0.206339
0.038369 0.540489 0.421142
0.640556 0.040000 0.319445
0.022724 0.976070 0.001207
0.758211 0.016371 0.225419
0.928674 0.013873 0.057453
0.000739 0.988750 0.010510
0.853074 0.055225 0.091701
0.104962 0.864287 0.030750
0.012559 0.986317 0.001124
0.844341 0.010057 0.145602
0.000369 0.990091 0.009540
0.001482 0.953195 0.045323
0.002213 0.883157 0.114630
0.223213 0.007553 0.769235
0.040947 0.855491 0.103562
0.057755 0.504936 0.437309
0.536403 0.002064 0.461533
0.000731 0.924316 0.074953
0.008724 0.980611 0.010664
0.024117 0.969455 0.006428
0.730048 0.017901 0.252051
0.148494 0.849730 0.001776
0.055569 0.937344 0.007088
0.512870 0.370754 0.116376
0.744616 0.055751 0.199634
0.007415 0.989315 0.003269
0.004199 0.994626 0.001176
0.005086 0.977374 0.017539
0.005868 0.991235 0.002898
0.636486 0.324415 0.039099
0.871090 0.002356 0.126554
0.029043 0.963357 0.007600
0.851445 0.003534 0.145020
0.320081 0.006484 0.673435
0.308496 0.265198 0.426306
0.397653 0.484924 0.117423
0.146260 0.798352 0.055387
0.704750 0.050007 0.245243
0.327267 0.385664 0.287069
0.708444 0.218351 0.073205
0.726076 0.137526 0.136399
0.939105 0.007016 0.053879
0.002236 0.996490 0.001273
0.032782 0.545926 0.421293
0.004649 0.993215 0.002136
0.881757 0.012301 0.105941
0.056425 0.864143 0.079431
0.005639 0.993767 0.000594
0.084890 0.737140 0.177970
0.488255 0.372351 0.139394
0.112979 0.655461 0.231560
0.000598 0.977448 0.021954
0.710118 0.072822 0.217060
0.650425 0.233646 0.115929
0.962266 0.032943 0.004791
0.005935 0.937747 0.056318
0.003586 0.807719 0.188695
0.822165 0.001409 0.176426
0.004396 0.936283 0.059321
0.122260 0.685880 0.191860
0.026908 0.962365 0.010727
0.212273 0.283464 0.504263
0.710074 0.032789 0.257137
0.012214 0.900208 0.087578
0.738709 0.074155 0.187136
0.176093 0.452591 0.371316
0.183131 0.738687 0.078182
0.145976 0.267997 0.586027
0.001462 0.998138 0.000400
0.772571 0.161385 0.066043
0.051781 0.914367 0.033852
0.002754 0.922150 0.075095
0.000804 0.999053 0.000143
0.835985 0.011737 0.152278
0.042520 0.096554 0.860927
0.806504 0.045750 0.147745
0.018146 0.897885 0.083969
0.884226 0.002430 0.113344
0.828156 0.020497 0.151347
0.922430 0.034867 0.042703
0.335913 0.619329 0.044758
0.154752 0.644951 0.200297
0.030021 0.582846 0.387133
0.886699 0.009716 0.103584
0.277983 0.005855 0.716162
0.478460 0.335475 0.186065
0.026311 0.970296 0.003393
0.726328 0.045053 0.228619
0.656069 0.022126 0.321805
0.154102 0.811958 0.033941
0.018101 0.952411 0.029488
0.057988 0.852988 0.089024
0.692268 0.015330 0.292402
0.000823 0.992420 0.006756
0.557949 0.408880 0.033172
0.085095 0.888200 0.026705
0.767730 0.024389 0.207882
0.260103 0.529635 0.210262
0.519587 0.222701 0.257712
0.088953 0.009422 0.901625
0.852220 0.032321 0.115460
0.042275 0.948073 0.009652
0.006851 0.902712 0.090436
0.839157 0.104960 0.055883
0.003859 0.957182 0.038959
0.658669 0.260353 0.080978
0.771914 0.010391 0.217695
0.288969 0.325424 0.385607
0.223452 0.039358 0.737190
0.854530 0.014853 0.130617
0.146207 0.022310 0.831483
0.120959 0.450868 0.428173
0.803842 0.168481 0.027677
0.710390 0.004447 0.285163
0.820065 0.010835 0.169100
0.906993 0.017717 0.075290
0.015493 0.976646 0.007860
0.012900 0.984251 0.002848
0.581434 0.161015 0.257551
0.002011 0.978441 0.019548
0.015861 0.963356 0.020783
0.031446 0.926494 0.042060
0.385195 0.608045 0.006761
0.086517 0.144609 0.768874
0.006313 0.992842 0.000845
0.019928 0.977093 0.002980
0.000849 0.929009 0.070141
0.063724 0.922343 0.013933
0.080409 0.837614 0.081977
0.835908 0.020198 0.143894
0.882094 0.012348 0.105558
0.963405 0.022128 0.014467
0.682037 0.035832 0.282131
0.839683 0.102879 0.057438
0.084067 0.905361 0.010572
0.049029 0.911583 0.039388
0.746445 0.195123 0.058431
0.564001 0.017811 0.418187
0.775098 0.114842 0.110060
0.369890 0.191880 0.438230
0.711146 0.006411 0.282443
0.859244 0.062090 0.078665
0.001297 0.946555 0.052148
0.055182 0.845983 0.098836
0.004784 0.957882 0.037334
0.463268 0.038208 0.498524
0.570285 0.006456 0.423259
0.001388 0.731266 0.267346
0.019383 0.955621 0.024996
0.019210 0.864233 0.116557
0.226011 0.678076 0.095914
0.002255 0.997306 0.000439
0.011980 0.972813 0.015207
0.082906 0.414219 0.502874
0.058925 0.938600 0.002475
0.829155 0.160875 0.009970
0.018835 0.980796 0.000369
0.133174 0.454321 0.412505
0.269616 0.057993 0.672391
0.693232 0.108582 0.198186
0.001496 0.991486 0.007017
0.482418 0.092926 0.424656
0.692660 0.003594 0.303747
0.851213 0.027313 0.121474
0.006217 0.958531 0.035252
0.154351 0.025282 0.820366
0.885691 0.029799 0.084510
0.893279 0.028300 0.078421
0.007757 0.987064 0.005179
0.010304 0.974151 0.015545
0.729752 0.196027 0.074221
0.773409 0.207548 0.019043
0.006973 0.972824 0.020203
0.080548 0.083293 0.836159
0.026981 0.840926 0.132093
0.004625 0.983289 0.012086
0.190005 0.798703 0.011292
0.027985 0.954156 0.017859
0.173545 0.816578 0.009876
0.003836 0.992405 0.003758
0.011913 0.982957 0.005131
0.052534 0.933780 0.013687
0.561965 0.420606 0.017430
0.006259 0.993373 0.000368
0.812532 0.046816 0.140652
0.885849 0.048202 0.065949
0.000960 0.993636 0.005405
0.178079 0.463465 0.358456
0.259884 0.131576 0.608540
0.700814 0.011416 0.287770
0.856169 0.012844 0.130986
0.708551 0.051188 0.240261
0.002376 0.943445 0.054179
0.647895 0.293485 0.058621
0.338761 0.058825 0.602414
0.014388 0.970949 0.014663
0.020231 0.964527 0.015242
0.000795 0.910740 0.088465
0.833307 0.066119 0.100574
0.631430 0.114965 0.253605
0.924744 0.002127 0.073129
0.497087 0.024893 0.478020
0.012581 0.971125 0.016294
0.002998 0.943872 0.053130
0.860238 0.043609 0.096153
0.001330 0.951305 0.047365
0.815144 0.014319 0.170537
0.005292 0.988913 0.005795
0.000624 0.998623 0.000753
0.692051 0.263578 0.044370
0.541696 0.038141 0.420164
0.580946 0.174538 0.244515
0.278223 0.610694 0.111082
0.606605 0.197902 0.195493
0.918839 0.018291 0.062870
0.085944 0.866744 0.047312
0.467112 0.009652 0.523236
0.738038 0.242134 0.019828
0.128796 0.655971 0.215233
0.003885 0.974872 0.021243
0.002077 0.805846 0.192077
0.011489 0.986493 0.002018
0.625507 0.225573 0.148920
0.699547 0.039144 0.261309
0.743086 0.003170 0.253744
0.655210 0.013841 0.330949
0.720342 0.028170 0.251488
0.178475 0.136410 0.685115
0.480271 0.032126 0.487603
0.743355 0.202208 0.054437
0.061896 0.932583 0.005521
0.876368 0.020829 0.102803
0.000970 0.705762 0.293268
0.820758 0.006961 0.172281
0.126820 0.046280 0.826900
0.000848 0.914037 0.085115
0.002201 0.911468 0.086330
0.765789 0.027720 0.206491
0.472364 0.494098 0.033538
0.001690 0.976719 0.021591
0.126058 0.871464 0.002479
0.021067 0.829301 0.149631
0.229961 0.665049 0.104990
0.002200 0.996066 0.001734
0.244757 0.661722 0.093521
0.041494 0.947583 0.010923
0.012102 0.776636 0.211262
0.018226 0.972255 0.009519
0.794203 0.011193 0.194605
0.001308 0.976227 0.022465
0.860219 0.128780 0.011001
0.013563 0.972286 0.014152
0.703075 0.010421 0.286504
0.796038 0.108286 0.095676
0.009341 0.989545 0.001114
0.078209 0.906380 0.015412
0.671469 0.170637 0.157894
0.554929 0.150596 0.294475
0.000784 0.998228 0.000988
0.854498 0.091203 0.054299
0.002974 0.988693 0.008334
0.051704 0.923026 0.025270
0.208004 0.524081 0.267915
0.905315 0.004609 0.090076
0.001240 0.993905 0.004855
0.000571 0.961465 0.037964
0.003333 0.993604 0.003063
0.012241 0.963211 0.024548
0.037431 0.801336 0.161233
0.056156 0.797102 0.146742
0.699632 0.293109 0.007258
0.773835 0.016415 0.209750
0.656746 0.128947 0.214307
0.001389 0.998471 0.000141
0.047902 0.935448 0.016650
0.763306 0.134865 0.101829
0.623255 0.013038 0.363707
0.146847 0.834450 0.018703
0.001905 0.775602 0.222493
0.011408 0.924335 0.064258
0.008979 0.911371 0.079650
0.441140 0.545388 0.013473
0.005042 0.977415 0.017543
0.442872 0.141131 0.415997
0.000587 0.995456 0.003957
0.005629 0.957802 0.036569
0.006941 0.982230 0.010829
0.151336 0.828264 0.020400
0.568006 0.200054 0.231939
0.173694 0.577545 0.248760
0.013622 0.928999 0.057379
0.904249 0.004411 0.091340
0.121136 0.026913 0.851952
0.004813 0.933184 0.062003
0.280506 0.009595 0.709898
0.765104 0.011018 0.223878
0.764783 0.017552 0.217665
0.693591 0.157855 0.148554
0.308694 0.537715 0.153591
0.020583 0.972353 0.007064
0.000998 0.998526 0.000476
0.130193 0.855627 0.014180
0.901037 0.003810 0.095153
0.674912 0.046226 0.278863
0.001487 0.997328 0.001186
0.002621 0.441852 0.555527
0.008660 0.874015 0.117325
0.001732 0.898872 0.099397
0.048656 0.779421 0.171923
0.033486 0.835995 0.130519
0.004768 0.993687 0.001545
0.023010 0.972081 0.004909
0.013197 0.983898 0.002905
0.535833 0.413843 0.050324
0.000916 0.961977 0.037107
0.762581 0.004405 0.233015
0.012804 0.986266 0.000930
0.910596 0.001647 0.087757
0.096449 0.875006 0.028544
0.698567 0.252262 0.049171
0.204467 0.661940 0.133593
0.002469 0.985485 0.012045
0.037188 0.696651 0.266162
0.742178 0.205892 0.051930
0.090770 0.719159 0.190071
0.000341 0.988714 0.010945
0.913579 0.067768 0.018654
0.686359 0.012772 0.300869
0.088664 0.674772 0.236564
0.692915 0.301091 0.005994
0.001896 0.991853 0.006251
0.141595 0.704272 0.154134
0.023886 0.967666 0.008448
0.243691 0.050164 0.706145
0.074336 0.177264 0.748400
0.343144 0.338203 0.318653
0.736451 0.100632 0.162917
0.008855 0.914097 0.077048
0.032526 0.793233 0.174241
0.629168 0.319714 0.051119
0.001879 0.929233 0.068888
0.838593 0.005627 0.155780
0.002740 0.799312 0.197948
0.086849 0.834209 0.078941
0.920471 0.043270 0.036259
0.912837 0.012169 0.074994
0.006372 0.960843 0.032785
0.007168 0.950110 0.042723
0.003536 0.977689 0.018775
0.835092 0.016979 0.147929
0.675828 0.151289 0.172883
0.010436 0.964573 0.024992
0.574252 0.339174 0.086574
0.011821 0.984843 0.003336
0.003454 0.991381 0.005165
0.115045 0.630356 0.254600
0.183814 0.728454 0.087732
0.416884 0.003991 0.579125
0.759049 0.233338 0.007613
0.078624 0.894628 0.026749
0.002678 0.174464 0.822857
0.068388 0.831972 0.099640
0.648681 0.016653 0.334665
0.778472 0.143966 0.077562
0.264234 0.727907 0.007858
0.683458 0.009433 0.307109
0.694827 0.026837 0.278336
0.015908 0.977114 0.006979
0.054043 0.732437 0.213520
0.481306 0.117630 0.401064
0.019949 0.979418 0.000633
0.000751 0.970723 0.028526
0.928081 0.063975 0.007945
0.356593 0.056419 0.586988
0.139966 0.829951 0.030083
0.298030 0.625053 0.076917
0.002848 0.974843 0.022310
0.002946 0.970734 0.026320
0.714692 0.274689 0.010620
0.001881 0.997734 0.000385
0.750924 0.147041 0.102035
0.111766 0.833275 0.054959
0.024493 0.955019 0.020487
0.077655 0.915413 0.006932
0.001689 0.996138 0.002173
0.825474 0.114116 0.060409
0.004371 0.995121 0.000509
0.603289 0.009859 0.386851
0.094219 0.898513 0.007268
0.001168 0.959580 0.039252
0.005042 0.991894 0.003064
0.607713 0.036811 0.355476
0.716163 0.003635 0.280202
0.006996 0.964594 0.028410
0.042410 0.926733 0.030857
0.425350 0.025835 0.548815
0.865938 0.087738 0.046324
0.016159 0.928366 0.055475
0.040653 0.935275 0.024071
0.003884 0.943274 0.052842
0.630149 0.005386 0.364465
0.463502 0.527582 0.008916
0.917665 0.032255 0.050080
0.764211 0.045729 0.190060
0.833523 0.013768 0.152709
0.391397 0.041626 0.566977
0.703615 0.094765 0.201619
0.007802 0.990458 0.001740
0.024455 0.022011 0.953534
0.004212 0.992880 0.002908
0.085913 0.842551 0.071536
0.680872 0.095326 0.223802
0.866360 0.010683 0.122957
0.024938 0.927669 0.047392
0.005656 0.993922 0.000421
0.812418 0.010686 0.176896
0.058626 0.502052 0.439322
0.005742 0.823958 0.170300
0.787612 0.121271 0.091116
0.056822 0.926156 0.017022
0.790770 0.110309 0.098921
0.892997 0.088510 0.018493
0.003838 0.977357 0.018805
0.001911 0.994777 0.003311
0.008810 0.928244 0.062946
0.000416 0.999148 0.000436
0.561353 0.328149 0.110498
0.733874 0.195062 0.071064
0.858088 0.072917 0.068995
0.640084 0.054313 0.305603
0.011344 0.986713 0.001943
0.834650 0.069501 0.095849
0.002674 0.983279 0.014047
0.655308 0.012552 0.332139
0.748369 0.040849 0.210782
0.283161 0.592638 0.124201
0.002993 0.857096 0.139911
0.689699 0.165691 0.144610
0.002169 0.986191 0.011640
0.524565 0.204692 0.270743
0.845859 0.024373 0.129768
0.185709 0.394968 0.419323
0.772969 0.008790 0.218241
0.004834 0.992083 0.003082
0.262523 0.719653 0.017824
0.008194 0.495429 0.496377
0.032893 0.920260 0.046847
0.033571 0.862069 0.104361
0.792723 0.003356 0.203922
0.001716 0.950572 0.047712
0.167535 0.815045 0.017421
0.906712 0.038727 0.054560
0.788194 0.161046 0.050760
0.901269 0.012161 0.086570
0.006705 0.990937 0.002358
0.887490 0.024184 0.088325
0.265843 0.011956 0.722202
0.621900 0.027281 0.350818
0.694692 0.011590 0.293718
0.689544 0.019488 0.290967
0.852372 0.022116 0.125512
0.085812 0.883447 0.030742
0.791596 0.139200 0.069204
0.762602 0.009831 0.227567
0.125317 0.027524 0.847160
0.717179 0.096689 0.186132
0.787310 0.043484 0.169206
0.948755 0.024879 0.026366
0.870886 0.006259 0.122854
0.005290 0.626212 0.368498
0.860181 0.050869 0.088950
0.605165 0.010759 0.384076
0.014882 0.955301 0.029817
0.216105 0.769816 0.014079
0.935940 0.005125 0.058935
0.822379 0.164571 0.013050
0.894181 0.007512 0.098307
0.184110 0.118528 0.697362
0.000689 0.791291 0.208020
0.787761 0.008561 0.203678
0.651491 0.011936 0.336572
0.091647 0.902239 0.006114
0.129868 0.768344 0.101788
0.054229 0.936787 0.008984
0.000734 0.953561 0.045705
0.033881 0.940700 0.025419
0.836578 0.013255 0.150168
0.002490 0.991758 0.005752
0.048064 0.951450 0.000487
0.061328 0.022618 0.916054
0.094811 0.020989 0.884201
0.199953 0.366998 0.433049
0.781636 0.006163 0.212200
0.004239 0.933284 0.062478
0.018413 0.529935 0.451652
0.017106 0.980377 0.002517
0.004165 0.994459 0.001375
0.004125 0.986455 0.009420
0.550064 0.014961 0.434975
0.005789 0.406256 0.587955
0.799111 0.182849 0.018040
0.004674 0.990974 0.004351
0.116913 0.855500 0.027587
0.015577 0.830725 0.153698
0.504495 0.377515 0.117990
0.764108 0.211190 0.024702
0.015337 0.940720 0.043943
0.700905 0.026581 0.272514
0.377722 0.401622 0.220656
0.811110 0.012875 0.176015
0.088787 0.107867 0.803345
0.043858 0.818851 0.137291
0.825605 0.025200 0.149195
0.705441 0.205110 0.089449
0.568723 0.404223 0.027054
0.684079 0.041791 0.274130
0.001832 0.936080 0.062089
0.064680 0.931475 0.003845
0.003801 0.995982 0.000217
0.677043 0.003104 0.319853
0.038554 0.946501 0.014945
0.038334 0.623866 0.337800
0.931781 0.053132 0.015087
0.621497 0.207823 0.170680
0.001493 0.698131 0.300375
0.001141 0.997243 0.001616
0.865677 0.014993 0.119330
0.007401 0.987263 0.005335
0.017362 0.773817 0.208821
0.465527 0.155136 0.379337
0.108126 0.741765 0.150109
0.006657 0.935741 0.057602
0.004347 0.980919 0.014734
0.722090 0.039665 0.238245
0.896447 0.042292 0.061261
0.072917 0.915383 0.011700
0.300375 0.035461 0.664164
0.027725 0.788631 0.183644
0.044226 0.875113 0.080661
0.814583 0.107913 0.077504
0.780625 0.087659 0.131716
0.003478 0.994249 0.002273
0.001704 0.918215 0.080080
0.855434 0.033510 0.111056
0.003635 0.936659 0.059706
0.027285 0.971781 0.000934
0.779911 0.164423 0.055666
0.130733 0.774362 0.094905
0.238441 0.740965 0.020593
0.788983 0.025349 0.185668
0.922746 0.032720 0.044534
0.870148 0.122662 0.007190
0.851183 0.105060 0.043757
0.650859 0.310309 0.038832
0.000681 0.982204 0.017115
0.061918 0.855670 0.082412
0.370653 0.008543 0.620804
0.493612 0.077234 0.429155
0.008918 0.981485 0.009597
0.109501 0.006140 0.884358
0.733863 0.146847 0.119290
0.002871 0.857245 0.139884
0.232218 0.702773 0.065008
0.961052 0.011919 0.027029
0.456061 0.150786 0.393153
0.025533 0.046201 0.928265
0.001578 0.907572 0.090850
0.007666 0.983607 0.008727
0.590504 0.400183 0.009313
0.004834 0.984968 0.010197
0.808285 0.102666 0.089049
0.755298 0.215776 0.028925
0.020119 0.924175 0.055706
0.016507 0.965247 0.018246
0.493484 0.141021 0.365495
0.638574 0.011375 0.350050
0.544267 0.407425 0.048308
0.860732 0.039911 0.099357
0.018277 0.980256 0.001466
0.015470 0.971427 0.013103
0.006868 0.867778 0.125354
0.009130 0.886945 0.103924
0.018688 0.878579 0.102732
0.921569 0.023752 0.054679
0.030017 0.882082 0.087901
0.405010 0.424975 0.170015
0.000956 0.879236 0.119808
0.000774 0.979641 0.019585
0.850862 0.017037 0.132101
0.002202 0.954995 0.042803
0.094465 0.757927 0.147608
0.161528 0.428305 0.410167
0.020851 0.977791 0.001358
0.032457 0.934672 0.032872
0.016016 0.895186 0.088798
0.656302 0.134995 0.208703
0.153205 0.508676 0.338119
0.864034 0.037344 0.098622
0.332797 0.606861 0.060342
0.213640 0.403724 0.382636
0.622689 0.067356 0.309955
0.011101 0.956225 0.032674
0.510661 0.012846 0.476493
0.822717 0.008577 0.168706
0.168643 0.781065 0.050292
0.018485 0.709584 0.271932
0.000557 0.997884 0.001559
0.006263 0.920936 0.072801
0.000494 0.999129 0.000378
0.057144 0.789482 0.153374
0.883723 0.032206 0.084072
0.157705 0.110660 0.731636
0.889205 0.025076 0.085720
0.079458 0.778225 0.142316
0.767958 0.017156 0.214887
0.946720 0.025593 0.027688
0.886288 0.089035 0.024677
0.002888 0.955204 0.041908
0.918823 0.061741 0.019435
0.001257 0.995148 0.003595
0.052146 0.936374 0.011480
0.011959 0.928715 0.059326
0.016232 0.051779 0.931989
0.856214 0.091607 0.052179
0.900419 0.087821 0.011760
0.381177 0.028444 0.590380
0.133829 0.008259 0.857913
0.063154 0.131767 0.805080
0.064114 0.909371 0.026516
0.017884 0.974834 0.007282
0.677715 0.264922 0.057363
0.000562 0.979768 0.019670
0.785968 0.206726 0.007306
0.001128 0.900588 0.098284
0.184408 0.112111 0.703482
0.952273 0.037331 0.010396
0.646537 0.348010 0.005453
0.002477 0.935331 0.062193
0.495711 0.222057 0.282232
0.685998 0.004157 0.309845
0.716221 0.012958 0.270821
0.030916 0.959508 0.009575
0.007433 0.991814 0.000753
0.891156 0.007834 0.101010
0.000794 0.992460 0.006746
0.834301 0.011009 0.154690
0.791094 0.003408 0.205498
0.303218 0.630194 0.066588
0.192870 0.740828 0.066301
0.328055 0.023168 0.648778
0.816839 0.181944 0.001217
0.007223 0.949493 0.043285
0.842208 0.047387 0.110405
0.916551 0.010953 0.072496
0.554109 0.006916 0.438974
0.555119 0.242017 0.202864
0.641116 0.034427 0.324458
0.021308 0.975290 0.003402
0.432225 0.542425 0.025350
0.756201 0.016785 0.227014
0.043290 0.937682 0.019029
0.783634 0.013240 0.203126
0.409386 0.263942 0.326672
0.235274 0.510294 0.254432
0.736650 0.037089 0.226261
0.000692 0.992675 0.006634
0.031889 0.964644 0.003467
0.098670 0.869885 0.031445
0.002676 0.975508 0.021816
0.737994 0.134490 0.127516
0.041884 0.950407 0.007709
0.368514 0.408325 0.223160
0.075074 0.904779 0.020147
0.001144 0.996185 0.002671
0.002231 0.889440 0.108329
0.093340 0.457212 0.449448
0.042721 0.949317 0.007961
0.865559 0.053552 0.080889
0.008458 0.966444 0.025098
0.031302 0.696272 0.272426
0.368849 0.047034 0.584116
0.013035 0.985678 0.001287
0.403680 0.413899 0.182422
0.009899 0.951772 0.038328
0.051689 0.947579 0.000732
0.021662 0.527951 0.450387
0.936840 0.033169 0.029991
0.050546 0.945477 0.003977
0.454511 0.137256 0.408233
0.802861 0.042564 0.154575
0.037940 0.947938 0.014121
0.173586 0.818810 0.007604
0.002963 0.988697 0.008340
0.093807 0.853274 0.052919
0.676822 0.050573 0.272605
0.587547 0.012165 0.400288
0.030730 0.918903 0.050367
0.014584 0.981111 0.004304
0.003581 0.939645 0.056775
0.853906 0.004194 0.141900
0.908974 0.002881 0.088144
0.001125 0.996639 0.002236
0.497309 0.494166 0.008524
0.004916 0.994635 0.000449
0.010854 0.948711 0.040435
0.648288 0.015293 0.336418
0.009701 0.988205 0.002094
0.696576 0.089731 0.213693
0.002146 0.803518 0.194336
0.002214 0.996908 0.000878
0.025735 0.888610 0.085655
0.683617 0.014751 0.301632
0.108316 0.884228 0.007455
0.207652 0.752700 0.039648
0.023272 0.792199 0.184529
0.019339 0.535846 0.444814
0.002100 0.723617 0.274283
0.305953 0.500546 0.193501
0.005044 0.959034 0.035922
0.031164 0.962696 0.006140
0.023618 0.894728 0.081654
0.952479 0.012115 0.035407
0.000689 0.956332 0.042979
0.427711 0.006164 0.566125
0.001409 0.894336 0.104256
0.003569 0.994973 0.001458
0.224863 0.015503 0.759634
0.112370 0.872125 0.015505
0.001619 0.987236 0.011146
0.063320 0.901067 0.035613
0.190936 0.387671 0.421393
0.007951 0.963280 0.028769
0.001310 0.976945 0.021745
0.005029 0.990292 0.004678
0.001177 0.997432 0.001391
0.002759 0.980119 0.017122
0.036331 0.941242 0.022428
0.900307 0.005015 0.094677
0.804311 0.013305 0.182384
0.006434 0.953072 0.040494
0.146806 0.668994 0.184200
0.000602 0.964562 0.034837
0.030343 0.957303 0.012354
0.056560 0.936054 0.007386
0.411346 0.100840 0.487815
0.474637 0.478390 0.046973
0.737029 0.017234 0.245738
0.001129 0.991243 0.007629
0.090949 0.083151 0.825899
0.033195 0.958476 0.008328
0.061738 0.757161 0.181100
0.100664 0.827194 0.072141
0.210687 0.392612 0.396700
0.813643 0.030188 0.156169
0.007513 0.970475 0.022012
0.008203 0.986722 0.005075
0.675429 0.250756 0.073815
0.255361 0.236652 0.507987
0.444744 0.140215 0.415040
0.035550 0.908845 0.055605
0.002107 0.877565 0.120328
0.029667 0.968195 0.002139
0.853795 0.004574 0.141630
0.013445 0.982994 0.003561
0.733679 0.030500 0.235821
0.145358 0.742814 0.111827
0.006292 0.993151 0.000556
0.017195 0.955125 0.027681
0.460487 0.322825 0.216689
0.916964 0.003291 0.079745
0.885740 0.004873 0.109387
0.000834 0.968365 0.030801
0.030220 0.886396 0.083384
0.000818 0.979917 0.019265
0.574102 0.025600 0.400298
0.055070 0.815324 0.129607
0.861910 0.007383 0.130707
0.007515 0.946944 0.045541
0.072025 0.015820 0.912155
0.008106 0.989113 0.002781
0.042651 0.940433 0.016916
0.015706 0.970895 0.013399
0.002573 0.916709 0.080718
0.021373 0.871058 0.107568
0.022065 0.976865 0.001070
0.010367 0.780149 0.209484
0.562717 0.146677 0.290606
0.282782 0.490527 0.226691
0.006855 0.938625 0.054520
0.955824 0.005304 0.038872
0.010896 0.979154 0.009950
0.041906 0.941286 0.016808
0.870849 0.016254 0.112896
0.046885 0.914220 0.038895
0.017063 0.968263 0.014674
0.030930 0.811515 0.157555
0.827449 0.169433 0.003118
0.049502 0.782034 0.168464
0.575329 0.300333 0.124338
0.896411 0.023600 0.079989
0.065399 0.912221 0.022380
0.219523 0.426281 0.354196
0.723910 0.011788 0.264302
0.217322 0.770260 0.012418
0.453873 0.232318 0.313809
0.023938 0.967430 0.008633
0.951486 0.036574 0.011940
0.829480 0.141355 0.029165
0.027819 0.936197 0.035984
0.918499 0.014103 0.067398
0.014223 0.972398 0.013379
0.762095 0.003229 0.234675
0.042501 0.658995 0.298504
0.004853 0.994183 0.000964
0.423428 0.040452 0.536121
0.262077 0.681415 0.056509
0.012522 0.987030 0.000447
0.762141 0.030826 0.207034
0.090355 0.898455 0.011190
0.020789 0.976743 0.002468
0.930169 0.019314 0.050517
0.005839 0.978850 0.015311
0.006341 0.767578 0.226082
0.001355 0.845443 0.153203
0.001510 0.930809 0.067681
0.949603 0.037059 0.013338
0.002531 0.995551 0.001918
0.134118 0.813225 0.052657
0.427919 0.555212 0.016869
0.000444 0.992838 0.006718
0.492053 0.067401 0.440546
0.196732 0.747207 0.056061
0.615577 0.152427 0.231996
0.013095 0.971992 0.014914
0.953648 0.023196 0.023156
0.882602 0.103788 0.013611
0.061216 0.772922 0.165862
0.348865 0.328456 0.322679
0.006545 0.991290 0.002165
0.128202 0.622062 0.249736
0.945422 0.009603 0.044975
0.756099 0.017821 0.226080
0.881845 0.096990 0.021166
0.002684 0.855110 0.142206
0.052407 0.870227 0.077366
0.638740 0.033515 0.327744
0.786776 0.028374 0.184850
0.001876 0.919908 0.078216
0.037319 0.915091 0.047590
0.004396 0.994411 0.001193
0.490243 0.498949 0.010808
0.917328 0.008606 0.074067
0.645210 0.347658 0.007132
0.094788 0.902864 0.002347
0.650660 0.029111 0.320230
0.364649 0.103403 0.531948
0.059707 0.493750 0.446543
0.704197 0.020998 0.274805
0.623230 0.332041 0.044729
0.629671 0.362249 0.008080
0.006144 0.988267 0.005589
0.957126 0.029885 0.012989
0.001901 0.878312 0.119787
0.488491 0.445294 0.066215
0.006411 0.980393 0.013196
0.001092 0.941689 0.057219
0.396375 0.275100 0.328524
0.149468 0.629781 0.220751
0.799850 0.012348 0.187803
0.888763 0.053511 0.057727
0.777524 0.004073 0.218403
0.499167 0.368911 0.131922
0.744444 0.014717 0.240839
0.655976 0.186857 0.157166
0.002359 0.986733 0.010909
0.021827 0.957101 0.021072
0.054080 0.920314 0.025606
0.120402 0.858915 0.020683
0.013385 0.982436 0.004179
0.042590 0.890402 0.067009
0.014442 0.973813 0.011745
0.885576 0.005012 0.109412
0.810412 0.032748 0.156840
0.573008 0.418845 0.008146
0.752628 0.018860 0.228513
0.078667 0.887383 0.033951
0.001362 0.986546 0.012092
0.025469 0.806509 0.168023
0.678258 0.288104 0.033639
0.792450 0.081233 0.126316
0.932623 0.031448 0.035928
0.001499 0.997871 0.000630
0.670938 0.269934 0.059127
0.001381 0.993723 0.004896
0.975726 0.009392 0.014882
0.021826 0.892371 0.085803
0.005667 0.873628 0.120705
0.803904 0.050988 0.145108
0.001877 0.997928 0.000195
0.041445 0.799252 0.159303
0.030792 0.814839 0.154369
0.929772 0.026372 0.043856
0.099008 0.066601 0.834392
0.004416 0.994957 0.000628
0.007219 0.913792 0.078990
0.000305 0.994951 0.004743
0.003105 0.771014 0.225882
0.866508 0.090382 0.043109
0.002494 0.991096 0.006410
0.047009 0.335052 0.617939
0.023011 0.974517 0.002472
0.898051 0.003953 0.097996
0.042086 0.868389 0.089525
0.172388 0.024776 0.802836
0.080830 0.907390 0.011780
0.454424 0.046156 0.499420
0.085304 0.421314 0.493383
0.000538 0.983763 0.015699
0.020333 0.947958 0.031709
0.315107 0.577094 0.107799
0.264351 0.708688 0.026961
0.135846 0.095676 0.768478
0.913423 0.010858 0.075720
0.059509 0.169903 0.770588
0.725113 0.188153 0.086733
0.267573 0.053367 0.679060
0.006420 0.854994 0.138586
0.060784 0.652287 0.286929
0.009999 0.945288 0.044713
0.814618 0.156560 0.028822
0.817547 0.010189 0.172264
0.795016 0.015128 0.189857
0.021865 0.976196 0.001939
0.459437 0.530936 0.009627
0.001481 0.953217 0.045303
0.582455 0.382310 0.035235
0.854534 0.009567 0.135899
0.218745 0.234065 0.547190
0.626281 0.012439 0.361280
0.095503 0.781361 0.123136
0.119648 0.533879 0.346473
0.538029 0.452541 0.009430
0.006096 0.961438 0.032466
0.064373 0.850953 0.084674
0.007195 0.991634 0.001171
0.008319 0.812055 0.179626
0.660522 0.065216 0.274262
0.614980 0.161622 0.223398
0.374463 0.098362 0.527175
0.066145 0.888726 0.045129
0.193667 0.103474 0.702859
0.000964 0.956742 0.042294
0.457137 0.364480 0.178384
0.009309 0.695486 0.295205
0.014914 0.909162 0.075924
0.901270 0.012705 0.086025
0.050087 0.895619 0.054295
0.815865 0.004526 0.179609
0.014049 0.939469 0.046482
0.213799 0.576698 0.209503
0.726738 0.044267 0.228996
0.001987 0.978715 0.019298
0.004975 0.988703 0.006321
0.006334 0.715121 0.278545
0.019479 0.889463 0.091057
0.255836 0.707868 0.036296
0.005300 0.993626 0.001074
0.865414 0.015814 0.118772
0.289531 0.540892 0.169577
0.004532 0.994988 0.000480
0.564749 0.073898 0.361353
0.041545 0.955917 0.002537
0.606655 0.095510 0.297835
0.223494 0.479559 0.296947
0.001599 0.939718 0.058683
0.062015 0.923457 0.014528
0.076848 0.910541 0.012611
0.871815 0.040875 0.087309
0.174119 0.071867 0.754014
0.793415 0.070891 0.135694
0.894690 0.012063 0.093247
0.002960 0.612194 0.384846
0.000848 0.994989 0.004162
0.006005 0.746100 0.247896
0.589891 0.003681 0.406428
0.009981 0.976105 0.013914
0.004037 0.757600 0.238363
0.201900 0.789647 0.008453
0.040851 0.958188 0.000960
0.054437 0.815561 0.130002
0.097295 0.855837 0.046869
0.595891 0.007459 0.396650
0.725315 0.012630 0.262055
0.851622 0.003911 0.144467
0.639188 0.198095 0.162717
0.012350 0.965957 0.021693
0.057697 0.884898 0.057405
0.564724 0.028487 0.406789
0.667420 0.069422 0.263158
0.635984 0.091965 0.272051
0.484360 0.160808 0.354832
0.718632 0.178958 0.102409
0.703588 0.041791 0.254622
0.002747 0.946291 0.050962
0.005902 0.890335 0.103762
0.772019 0.069669 0.158313
0.047063 0.904414 0.048523
0.002303 0.994826 0.002871
0.703671 0.008558 0.287771
0.289487 0.671910 0.038603
0.025269 0.968649 0.006082
0.005571 0.814379 0.180051
0.002162 0.794119 0.203719
0.477230 0.004099 0.518671
0.047126 0.701942 0.250932
0.401267 0.532871 0.065862
0.252024 0.723286 0.024690
0.247548 0.705323 0.047129
0.509538 0.342529 0.147933
0.557258 0.387089 0.055653
0.029186 0.901989 0.068825
0.090762 0.830555 0.078682
0.523240 0.025223 0.451537
0.856444 0.003957 0.139599
0.031076 0.909009 0.059915
0.780159 0.002965 0.216876
0.066132 0.854063 0.079804
0.428812 0.361372 0.209816
0.752643 0.037624 0.209733
0.009106 0.956349 0.034545
0.056120 0.914862 0.029017
0.711497 0.007888 0.280614
0.081586 0.915596 0.002817
0.001784 0.962357 0.035859
0.453497 0.330170 0.216333
0.001361 0.921905 0.076735
0.287844 0.692609 0.019547
0.762317 0.058673 0.179009
0.003174 0.995055 0.001771
0.666346 0.014459 0.319195
0.002154 0.941769 0.056077
0.724601 0.163978 0.111421
0.871623 0.055200 0.073176
0.784000 0.047469 0.168532
0.247873 0.443950 0.308177
0.745213 0.012696 0.242091
0.888335 0.004411 0.107254
0.675439 0.010179 0.314382
0.873143 0.011170 0.115686
0.095635 0.834312 0.070053
0.899191 0.054214 0.046595
0.151543 0.577724 0.270733
0.868912 0.029286 0.101803
0.005275 0.887732 0.106993
0.504877 0.350103 0.145021
0.839744 0.010375 0.149881
0.006642 0.992317 0.001042
0.911390 0.016644 0.071966
0.056844 0.892846 0.050310
0.003300 0.990458 0.006241
0.000980 0.992340 0.006680
0.035668 0.894952 0.069380
0.491743 0.377148 0.131108
0.671639 0.135691 0.192669
0.325034 0.494949 0.180018
0.186281 0.555403 0.258316
0.011118 0.947733 0.041149
0.001130 0.994147 0.004722
0.111921 0.709432 0.178648
0.871543 0.119476 0.008981
0.678431 0.235598 0.085971
0.000750 0.997614 0.001636
0.880198 0.005387 0.114415
0.008924 0.981619 0.009457
0.002331 0.995730 0.001939
0.000805 0.992297 0.006898
0.003337 0.841542 0.155122
0.325202 0.009773 0.665025
0.316532 0.512681 0.170787
0.328070 0.629867 0.042064
0.000373 0.982813 0.016814
0.001513 0.819965 0.178523
0.251247 0.660091 0.088662
0.004695 0.977033 0.018272
0.454214 0.043244 0.502541
0.038429 0.915376 0.046195
0.423972 0.146325 0.429703
0.001930 0.997527 0.000543
0.213229 0.369974 0.416797
0.734379 0.197755 0.067866
0.003031 0.622869 0.374101
0.087867 0.278906 0.633226
0.059616 0.821762 0.118622
0.047989 0.905124 0.046886
0.621876 0.012388 0.365736
0.020768 0.976258 0.002974
0.003902 0.890455 0.105643
0.002039 0.976364 0.021597
0.051110 0.919707 0.029183
0.761714 0.002798 0.235488
0.371217 0.208521 0.420262
0.010945 0.988494 0.000561
0.002031 0.973633 0.024335
0.850808 0.027973 0.121219
0.793363 0.054040 0.152597
0.532322 0.433705 0.033972
0.041587 0.937187 0.021226
0.396047 0.095979 0.507974
0.528592 0.274524 0.196884
0.008719 0.940185 0.051096
0.760210 0.036544 0.203246
0.446005 0.392593 0.161402
0.372276 0.029906 0.597818
0.045588 0.635493 0.318919
0.000636 0.995960 0.003404
0.929211 0.003345 0.067444
0.007404 0.992222 0.000374
0.385797 0.593835 0.020368
0.832263 0.144147 0.023589
0.780580 0.007377 0.212043
0.858061 0.015617 0.126321
0.003875 0.989495 0.006630
0.002699 0.869668 0.127634
0.773647 0.047156 0.179197
0.068658 0.929150 0.002192
0.136587 0.021978 0.841434
0.009522 0.918362 0.072116
0.001594 0.997960 0.000446
0.037457 0.936553 0.025990
0.001190 0.997359 0.001451
0.009790 0.946266 0.043944
0.291160 0.694265 0.014574
0.063169 0.889722 0.047109
0.000790 0.994576 0.004634
0.004229 0.995291 0.000480
0.721240 0.254701 0.024059
0.031174 0.893558 0.075268
0.042488 0.876330 0.081181
0.015548 0.968836 0.015616
0.079490 0.890103 0.030407
0.534380 0.196349 0.269271
0.285246 0.009470 0.705284
0.001214 0.980148 0.018638
0.473812 0.382878 0.143310
0.000640 0.974890 0.024470
0.887899 0.047235 0.064866
0.107210 0.882046 0.010744
0.353884 0.550476 0.095640
0.945347 0.035011 0.019643
0.002240 0.997393 0.000368
0.014852 0.724074 0.261074
0.548460 0.010400 0.441140
0.108249 0.865436 0.026315
0.936906 0.016023 0.047071
0.853951 0.024398 0.121651
0.141061 0.844865 0.014074
0.000409 0.983552 0.016039
0.910117 0.023449 0.066434
0.001602 0.932747 0.065651
0.731719 0.072199 0.196082
0.193639 0.747239 0.059122
0.816708 0.005911 0.177381
0.003253 0.991827 0.004920
0.158100 0.823793 0.018107
0.016987 0.981700 0.001313
0.000774 0.998857 0.000369
0.002184 0.923041 0.074775
0.011611 0.969736 0.018653
0.925198 0.036254 0.038548
0.828312 0.120181 0.051507
0.617788 0.351757 0.030455
0.124014 0.855844 0.020142
0.004147 0.991621 0.004232
0.274119 0.009680 0.716201
0.002377 0.879805 0.117818
0.718839 0.012935 0.268225
0.867461 0.028424 0.104115
0.765460 0.009665 0.224875
0.858268 0.009799 0.131932
0.005654 0.584259 0.410088
0.738219 0.033396 0.228385
0.780171 0.204840 0.014988
0.650467 0.044710 0.304823
0.210351 0.006277 0.783372
0.031097 0.915183 0.053720
0.002935 0.954789 0.042277
0.012945 0.986288 0.000767
0.095417 0.522032 0.382551
