0.001216 0.994495 0.004289
0.921847 0.073235 0.004918
0.000670 0.996955 0.002375
0.342319 0.656280 0.001401
0.796810 0.201769 0.001421
0.237327 0.745567 0.017106
0.034413 0.963257 0.002330
0.865780 0.072252 0.061968
0.519362 0.466662 0.013976
0.014608 0.985209 0.000183
0.000370 0.998874 0.000756
0.011811 0.985853 0.002336
0.002093 0.997143 0.000764
0.389562 0.002049 0.608389
0.095228 0.004661 0.900112
0.957950 0.022895 0.019155
0.750485 0.248475 0.001040
0.001656 0.998277 0.000067
0.957928 0.003123 0.038949
0.110424 0.888947 0.000629
0.057174 0.941473 0.001352
0.010151 0.001052 0.988797
0.881996 0.034160 0.083844
0.064171 0.934746 0.001083
0.204370 0.756921 0.038709
0.017634 0.982028 0.000339
0.002608 0.996457 0.000935
0.027183 0.678567 0.294250
0.932361 0.002841 0.064798
0.253447 0.745087 0.001466
0.004671 0.886607 0.108723
0.010454 0.989243 0.000303
0.496248 0.008987 0.494764
0.917001 0.011759 0.071240
0.987553 0.001310 0.011137
0.911750 0.006497 0.081753
0.864382 0.003286 0.132332
0.001723 0.997575 0.000701
0.821280 0.001437 0.177282
0.008218 0.990460 0.001321
0.005569 0.513135 0.481295
0.897189 0.099511 0.003300
0.000188 0.998968 0.000844
0.924766 0.039911 0.035323
0.068355 0.904752 0.026893
0.583016 0.021981 0.395003
0.158053 0.841379 0.000568
0.879175 0.003864 0.116961
0.366219 0.004201 0.629580
0.003544 0.996409 0.000047
0.033235 0.966338 0.000426
0.267085 0.007754 0.725161
0.001781 0.997423 0.000796
0.043021 0.094102 0.862877
0.072914 0.910164 0.016922
0.479009 0.006910 0.514081
0.001735 0.931688 0.066578
0.990596 0.008554 0.000851
0.008821 0.989859 0.001321
0.635299 0.359504 0.005197
0.181152 0.818094 0.000754
0.818753 0.155953 0.025294
0.927902 0.049219 0.022880
0.025173 0.968054 0.006773
0.024170 0.974162 0.001667
0.002185 0.997786 0.000029
0.003803 0.994807 0.001390
0.922247 0.039534 0.038219
0.597572 0.391359 0.011069
0.956924 0.001378 0.041697
0.948082 0.000167 0.051751
0.936316 0.005993 0.057692
0.980282 0.002348 0.017371
0.000906 0.877685 0.121408
0.922662 0.072070 0.005267
0.002223 0.942263 0.055514
0.002369 0.997489 0.000142
0.733385 0.009193 0.257422
0.076887 0.880605 0.042508
0.000295 0.997845 0.001859
0.660257 0.000643 0.339100
0.002546 0.996813 0.000640
0.871435 0.112292 0.016273
0.005978 0.993848 0.000174
0.076131 0.923659 0.000209
0.000522 0.989375 0.010103
0.982852 0.003797 0.013351
0.069948 0.928497 0.001555
0.556252 0.442286 0.001463
0.012842 0.987086 0.000072
0.153960 0.845449 0.000592
0.009817 0.987334 0.002849
0.002516 0.996990 0.000495
0.000218 0.959393 0.040389
0.828305 0.012344 0.159351
0.163428 0.834720 0.001851
0.493879 0.490706 0.015415
0.941070 0.020346 0.038584
0.053648 0.000737 0.945616
0.615204 0.062779 0.322017
0.736333 0.246432 0.017235
0.001863 0.997842 0.000295
0.909367 0.079414 0.011219
0.037509 0.960125 0.002366
0.012012 0.987581 0.000407
0.100872 0.008609 0.890519
0.003811 0.916827 0.079362
0.006642 0.011779 0.981579
0.000288 0.999631 0.000081
0.000263 0.995661 0.004075
0.827214 0.172035 0.000750
0.644812 0.349973 0.005215
0.608404 0.120477 0.271119
0.029851 0.969387 0.000762
0.015640 0.042917 0.941443
0.662410 0.295956 0.041634
0.001203 0.990062 0.008736
0.064220 0.929078 0.006702
0.002884 0.995276 0.001840
0.026375 0.973368 0.000257
0.868910 0.014386 0.116703
0.704707 0.009427 0.285866
0.926361 0.026396 0.047243
0.623727 0.006770 0.369503
0.410378 0.584823 0.004799
0.011638 0.987975 0.000387
0.005936 0.993944 0.000120
0.006611 0.991684 0.001705
0.013961 0.985841 0.000198
0.916588 0.002836 0.080576
0.006679 0.989417 0.003905
0.088337 0.910671 0.000991
0.227244 0.771457 0.001300
0.068883 0.930597 0.000520
0.143514 0.843113 0.013373
0.005181 0.994603 0.000216
0.695705 0.103966 0.200329
0.097890 0.002588 0.899521
0.789491 0.001606 0.208904
0.976392 0.000639 0.022969
0.069659 0.929888 0.000454
0.051791 0.929158 0.019051
0.023159 0.976444 0.000398
0.959695 0.026203 0.014102
0.836658 0.160382 0.002960
0.585523 0.378159 0.036319
0.001259 0.996729 0.002012
0.917049 0.063979 0.018972
0.929171 0.011075 0.059754
0.898389 0.002738 0.098872
0.005309 0.994353 0.000338
0.952300 0.015883 0.031817
0.002796 0.997044 0.000161
0.162006 0.837322 0.000672
0.911979 0.005939 0.082081
0.548997 0.051688 0.399314
0.688033 0.041929 0.270039
0.014154 0.984741 0.001105
0.022829 0.948183 0.028988
0.947183 0.015782 0.037035
0.122000 0.004356 0.873644
0.826664 0.160289 0.013047
0.927440 0.003872 0.068688
0.757285 0.182039 0.060677
0.002208 0.092862 0.904930
0.951545 0.031189 0.017266
0.032369 0.963870 0.003761
0.993722 0.003822 0.002456
0.000428 0.940995 0.058577
0.454474 0.060705 0.484821
0.000656 0.979157 0.020187
0.005003 0.994721 0.000276
0.000134 0.994868 0.004999
0.000654 0.983164 0.016182
0.008093 0.989602 0.002305
0.000361 0.985602 0.014037
0.941180 0.010181 0.048639
0.006301 0.992407 0.001293
0.000963 0.997971 0.001066
0.890556 0.007063 0.102382
0.945822 0.044107 0.010072
0.003951 0.835812 0.160238
0.866199 0.011306 0.122495
0.797167 0.198566 0.004267
0.932646 0.003707 0.063647
0.000956 0.992461 0.006582
0.001946 0.997946 0.000109
0.000251 0.997932 0.001817
0.843133 0.005274 0.151592
0.888900 0.032764 0.078336
0.985707 0.010849 0.003443
0.005852 0.993896 0.000252
0.232137 0.764156 0.003708
0.027790 0.883105 0.089105
0.213540 0.004131 0.782329
0.070075 0.929549 0.000376
0.969057 0.000528 0.030415
0.956576 0.034517 0.008907
0.023875 0.968672 0.007453
0.016059 0.973597 0.010344
0.014467 0.985424 0.000109
0.043437 0.955699 0.000865
0.000713 0.993411 0.005876
0.920615 0.078173 0.001212
0.905520 0.001463 0.093018
0.922782 0.008843 0.068376
0.969763 0.027496 0.002741
0.044129 0.950486 0.005385
0.003259 0.996262 0.000479
0.001473 0.852131 0.146396
0.000562 0.998157 0.001281
0.023889 0.975917 0.000194
0.772279 0.012429 0.215292
0.003521 0.995706 0.000773
0.412544 0.576087 0.011369
0.002196 0.994530 0.003274
0.490607 0.498799 0.010594
0.004024 0.990223 0.005753
0.019673 0.856274 0.124053
0.965329 0.014737 0.019934
0.959483 0.030294 0.010223
0.789008 0.074117 0.136875
0.045973 0.953641 0.000386
0.888519 0.027498 0.083983
0.976739 0.020651 0.002610
0.798332 0.180304 0.021364
0.002590 0.997221 0.000190
0.907764 0.002543 0.089693
0.032310 0.967066 0.000624
0.194913 0.801524 0.003563
0.735267 0.253788 0.010945
0.871263 0.127624 0.001113
0.971786 0.001524 0.026690
0.002937 0.623553 0.373510
0.006556 0.993143 0.000301
0.015495 0.983616 0.000888
0.978084 0.002031 0.019885
0.363161 0.504599 0.132239
0.000550 0.997519 0.001932
0.002248 0.996801 0.000951
0.002101 0.997368 0.000531
0.895268 0.102752 0.001981
0.914523 0.005291 0.080186
0.669413 0.092776 0.237810
0.002913 0.984255 0.012832
0.036221 0.536365 0.427414
0.025215 0.002103 0.972682
0.735298 0.040364 0.224338
0.013785 0.985834 0.000380
0.003302 0.994134 0.002564
0.001670 0.997804 0.000526
0.000773 0.997928 0.001299
0.953154 0.044663 0.002183
0.781026 0.217538 0.001435
0.905747 0.089555 0.004698
0.940424 0.009642 0.049934
0.305949 0.686706 0.007345
0.134216 0.002904 0.862879
0.016857 0.982338 0.000805
0.194781 0.799473 0.005746
0.479445 0.517954 0.002601
0.056505 0.942852 0.000643
0.005631 0.983654 0.010715
0.005869 0.993692 0.000438
0.117950 0.023529 0.858521
0.853943 0.004545 0.141512
0.088927 0.002211 0.908862
0.937867 0.019547 0.042586
0.956898 0.014365 0.028737
0.984277 0.012880 0.002844
0.936228 0.001409 0.062363
0.182479 0.813856 0.003665
0.001711 0.998167 0.000122
0.015193 0.984711 0.000096
0.007885 0.985701 0.006413
0.987698 0.005582 0.006719
0.003933 0.561039 0.435029
0.952434 0.041697 0.005869
0.004770 0.993990 0.001240
0.019192 0.980611 0.000197
0.898399 0.081876 0.019725
0.919789 0.045652 0.034560
0.009720 0.725939 0.264341
0.028441 0.971335 0.000224
0.046079 0.950405 0.003515
0.064328 0.934990 0.000683
0.046552 0.952797 0.000651
0.002684 0.996908 0.000408
0.751109 0.026551 0.222339
0.045948 0.001889 0.952163
0.053482 0.945949 0.000569
0.057322 0.003296 0.939382
0.764274 0.008628 0.227097
0.008587 0.990020 0.001393
0.927744 0.002526 0.069731
0.008839 0.990977 0.000184
0.722238 0.001346 0.276416
0.961020 0.036748 0.002231
0.000260 0.980976 0.018764
0.785466 0.198860 0.015674
0.004486 0.990349 0.005165
0.009764 0.989768 0.000469
0.951286 0.018101 0.030613
0.000182 0.997967 0.001852
0.001001 0.989249 0.009750
0.000971 0.870739 0.128289
0.014836 0.001814 0.983350
0.048923 0.944767 0.006310
0.010076 0.801831 0.188093
0.990738 0.001298 0.007963
0.000109 0.975971 0.023919
0.010701 0.987355 0.001944
0.004865 0.994954 0.000181
0.922137 0.006996 0.070867
0.426398 0.569045 0.004557
0.200171 0.798762 0.001066
0.736316 0.170918 0.092767
0.749060 0.003954 0.246986
0.001140 0.998039 0.000820
0.001184 0.998139 0.000677
0.007688 0.991865 0.000447
0.007587 0.992227 0.000187
0.979087 0.020075 0.000837
0.945693 0.019166 0.035141
0.072492 0.920821 0.006687
0.820196 0.004039 0.175766
0.576028 0.007012 0.416960
0.180121 0.004678 0.815200
0.744570 0.251973 0.003457
0.299501 0.697750 0.002750
0.901522 0.002349 0.096129
0.077914 0.909168 0.012918
0.883661 0.107726 0.008613
0.918245 0.080553 0.001202
0.965325 0.000717 0.033958
0.016327 0.982537 0.001136
0.010018 0.954072 0.035910
0.005209 0.993866 0.000926
0.963595 0.034458 0.001947
0.027395 0.970339 0.002267
0.001764 0.997916 0.000320
0.131416 0.866896 0.001688
0.743263 0.249602 0.007135
0.323222 0.601830 0.074948
0.000324 0.996678 0.002997
0.883764 0.006349 0.109887
0.924981 0.036354 0.038666
0.942576 0.056055 0.001370
0.008624 0.989286 0.002090
0.020332 0.977513 0.002156
0.985495 0.004509 0.009995
0.017163 0.979483 0.003355
0.090762 0.904886 0.004352
0.066148 0.933170 0.000682
0.014143 0.984724 0.001133
0.905804 0.086485 0.007712
0.015170 0.967822 0.017008
0.882029 0.083054 0.034917
0.053870 0.943182 0.002947
0.895648 0.091063 0.013289
0.003169 0.634230 0.362601
0.001075 0.998595 0.000330
0.289476 0.692463 0.018061
0.244417 0.754058 0.001525
0.011875 0.937528 0.050596
0.000727 0.999203 0.000070
0.801816 0.006917 0.191267
0.157365 0.002678 0.839957
0.982019 0.004176 0.013805
0.002058 0.997832 0.000110
0.947913 0.030047 0.022040
0.857675 0.001127 0.141198
0.951042 0.039583 0.009375
0.692537 0.305373 0.002090
0.837924 0.155698 0.006377
0.022660 0.653859 0.323480
0.881956 0.002802 0.115241
0.018568 0.017638 0.963794
0.664553 0.310999 0.024448
0.001477 0.998133 0.000390
0.847441 0.067789 0.084770
0.630663 0.000876 0.368461
0.682645 0.247931 0.069423
0.001291 0.998511 0.000198
0.315849 0.682859 0.001292
0.789607 0.029261 0.181132
0.001165 0.998219 0.000616
0.969206 0.028940 0.001854
0.017007 0.982617 0.000376
0.930067 0.054657 0.015276
0.649733 0.332916 0.017351
0.298289 0.120467 0.581244
0.126516 0.007647 0.865837
0.889992 0.030475 0.079533
0.025936 0.971258 0.002806
0.000932 0.993136 0.005932
0.725719 0.273244 0.001037
0.007439 0.992138 0.000423
0.887628 0.083685 0.028686
0.652915 0.031259 0.315827
0.497145 0.183371 0.319483
0.259496 0.003892 0.736613
0.918868 0.000436 0.080696
0.105279 0.011521 0.883200
0.138455 0.616665 0.244880
0.947950 0.045008 0.007042
0.646855 0.001316 0.351829
0.897308 0.036088 0.066604
0.968006 0.029281 0.002714
0.008570 0.991324 0.000106
0.011134 0.987742 0.001124
0.808033 0.016997 0.174970
0.002291 0.991163 0.006547
0.018556 0.970819 0.010625
0.008347 0.991519 0.000134
0.860557 0.138452 0.000991
0.043581 0.019015 0.937405
0.002588 0.997104 0.000309
0.032929 0.966963 0.000108
0.000698 0.976417 0.022886
0.041635 0.957630 0.000735
0.189513 0.808639 0.001848
0.837838 0.001097 0.161064
0.887169 0.008381 0.104451
0.977516 0.021233 0.001251
0.493344 0.006966 0.499691
0.929066 0.062637 0.008297
0.041227 0.958606 0.000166
0.075771 0.923646 0.000583
0.910481 0.040100 0.049419
0.828486 0.007893 0.163621
0.922937 0.039392 0.037671
0.932309 0.009791 0.057900
0.866891 0.001465 0.131644
0.943666 0.037412 0.018922
0.000777 0.994187 0.005036
0.013682 0.984898 0.001419
0.003272 0.994381 0.002347
0.186768 0.002755 0.810477
0.715718 0.057111 0.227171
0.000352 0.886248 0.113400
0.002199 0.997361 0.000440
0.077022 0.917994 0.004983
0.902699 0.095590 0.001711
0.001132 0.998701 0.000167
0.016584 0.982316 0.001100
0.063889 0.600756 0.335355
0.013591 0.986140 0.000269
0.899563 0.097737 0.002700
0.002456 0.997453 0.000092
0.012192 0.171849 0.815959
0.116819 0.004481 0.878700
0.508312 0.017668 0.474020
0.011546 0.987062 0.001392
0.280913 0.005850 0.713237
0.843703 0.004076 0.152221
0.973744 0.012912 0.013344
0.002808 0.984296 0.012896
0.904226 0.047934 0.047839
0.926247 0.026817 0.046936
0.965401 0.006048 0.028551
0.098354 0.901314 0.000332
0.010275 0.989463 0.000262
0.759388 0.233537 0.007075
0.841247 0.154931 0.003821
0.057004 0.941866 0.001130
0.084962 0.004099 0.910939
0.006150 0.993467 0.000383
0.002881 0.995552 0.001567
0.061417 0.938285 0.000298
0.158083 0.834411 0.007505
0.173208 0.826130 0.000661
0.006571 0.993211 0.000218
0.004163 0.995750 0.000087
0.021195 0.977821 0.000985
0.870290 0.128547 0.001163
0.001573 0.998115 0.000311
0.871452 0.013244 0.115304
0.980541 0.016256 0.003203
0.000536 0.999011 0.000453
0.285639 0.470584 0.243777
0.509476 0.470618 0.019907
0.639220 0.002707 0.358074
0.923932 0.008974 0.067093
0.882189 0.037779 0.080032
0.006696 0.993163 0.000141
0.736331 0.246608 0.017061
0.115466 0.004300 0.880234
0.004330 0.995529 0.000140
0.020988 0.965474 0.013538
0.001139 0.941076 0.057785
0.755656 0.166004 0.078339
0.829089 0.016195 0.154716
0.984949 0.001513 0.013539
0.847164 0.009570 0.143265
0.008698 0.990516 0.000786
0.000589 0.996416 0.002995
0.929085 0.038833 0.032082
0.001166 0.908406 0.090428
0.897406 0.003847 0.098747
0.000467 0.999501 0.000032
0.000561 0.999177 0.000263
0.959257 0.027334 0.013409
0.708994 0.002886 0.288121
0.882258 0.085036 0.032707
0.719423 0.264044 0.016534
0.830744 0.166987 0.002269
0.963433 0.033338 0.003229
0.248500 0.711121 0.040379
0.588368 0.006484 0.405148
0.798235 0.198845 0.002920
0.035658 0.907509 0.056833
0.000709 0.984034 0.015257
0.001064 0.907845 0.091090
0.003658 0.996176 0.000167
0.158376 0.838106 0.003518
0.906364 0.026320 0.067315
0.961886 0.001756 0.036358
0.890781 0.003155 0.106063
0.652895 0.002455 0.344649
0.073249 0.009578 0.917173
0.161426 0.001814 0.836759
0.618152 0.353818 0.028030
0.016450 0.983394 0.000155
0.972092 0.016902 0.011005
0.004142 0.642244 0.353615
0.908013 0.001246 0.090741
0.020524 0.004440 0.975036
0.000717 0.996180 0.003103
0.001068 0.993370 0.005562
0.821037 0.015520 0.163443
0.160682 0.837525 0.001793
0.008264 0.991061 0.000675
0.315531 0.682591 0.001878
0.079810 0.908018 0.012172
0.014341 0.983105 0.002554
0.001566 0.997238 0.001197
0.796810 0.191732 0.011459
0.011263 0.987465 0.001272
0.076511 0.914087 0.009402
0.007951 0.991903 0.000146
0.961021 0.032459 0.006520
0.000900 0.998208 0.000891
0.976373 0.018420 0.005207
0.009109 0.989693 0.001197
0.782161 0.026147 0.191692
0.979106 0.010871 0.010023
0.009182 0.990511 0.000307
0.067055 0.932732 0.000212
0.756688 0.167364 0.075947
0.620523 0.184733 0.194744
0.000592 0.999312 0.000096
0.944696 0.052976 0.002327
0.004415 0.992422 0.003163
0.017802 0.968298 0.013899
0.944536 0.046409 0.009055
0.860552 0.001212 0.138236
0.003074 0.996245 0.000681
0.000698 0.993060 0.006242
0.002051 0.997799 0.000150
0.025497 0.973454 0.001049
0.021422 0.971412 0.007165
0.059339 0.939089 0.001573
0.867493 0.132277 0.000230
0.900858 0.002978 0.096164
0.692395 0.196033 0.111571
0.000545 0.999370 0.000086
0.580865 0.417489 0.001645
0.934105 0.036934 0.028961
0.630477 0.001920 0.367604
0.119248 0.879905 0.000847
0.001402 0.916434 0.082164
0.083064 0.908749 0.008188
0.001962 0.965131 0.032907
0.258168 0.739748 0.002084
0.016897 0.982335 0.000767
0.800244 0.172477 0.027280
0.000987 0.998321 0.000691
0.004773 0.993570 0.001657
0.007677 0.988590 0.003733
0.631329 0.364607 0.004064
0.984578 0.009942 0.005480
0.200813 0.792482 0.006705
0.008999 0.988830 0.002170
0.911840 0.003863 0.084297
0.054389 0.008414 0.937198
0.000384 0.999076 0.000540
0.073957 0.006707 0.919336
0.781274 0.003218 0.215508
0.983559 0.004933 0.011508
0.863379 0.132191 0.004430
0.697095 0.285650 0.017256
0.024848 0.974232 0.000920
0.000736 0.999206 0.000057
0.042344 0.957260 0.000396
0.934495 0.004856 0.060648
0.398466 0.562646 0.038888
0.000349 0.999526 0.000125
0.001072 0.083303 0.915624
0.000350 0.992662 0.006988
0.003079 0.994873 0.002048
0.032072 0.965128 0.002800
0.184192 0.814072 0.001736
0.001471 0.998409 0.000120
0.001192 0.996825 0.001984
0.005906 0.993390 0.000704
0.470817 0.509325 0.019858
0.000173 0.997794 0.002033
0.941905 0.005407 0.052688
0.008083 0.991682 0.000235
0.992679 0.003336 0.003985
0.065757 0.933646 0.000598
0.158416 0.841273 0.000311
0.083600 0.908972 0.007429
0.000678 0.995113 0.004209
0.217701 0.753053 0.029247
0.910259 0.064195 0.025545
0.018927 0.939244 0.041829
0.000254 0.998773 0.000974
0.905578 0.058393 0.036029
0.454227 0.003048 0.542725
0.165871 0.722512 0.111617
0.893456 0.094030 0.012514
0.000880 0.998780 0.000341
0.009027 0.990786 0.000187
0.130938 0.865496 0.003566
0.671307 0.107058 0.221635
0.028901 0.006466 0.964633
0.891289 0.100230 0.008481
0.862246 0.123274 0.014480
0.002018 0.997196 0.000787
0.001374 0.996029 0.002598
0.835599 0.163043 0.001358
0.002132 0.996120 0.001747
0.942206 0.000841 0.056953
0.001655 0.769089 0.229256
0.025171 0.973572 0.001256
0.975315 0.020284 0.004401
0.990561 0.004978 0.004460
0.034032 0.962546 0.003422
0.005082 0.994253 0.000665
0.000545 0.997425 0.002030
0.931374 0.034494 0.034132
0.919974 0.024392 0.055634
0.006235 0.993443 0.000322
0.896146 0.101385 0.002469
0.016849 0.981660 0.001491
0.003448 0.995960 0.000592
0.085259 0.908394 0.006348
0.058347 0.915485 0.026167
0.218945 0.007412 0.773642
0.883307 0.112330 0.004363
0.022062 0.977644 0.000294
0.001810 0.007208 0.990981
0.008827 0.986844 0.004329
0.825262 0.002175 0.172563
0.851241 0.078177 0.070582
0.872894 0.126642 0.000465
0.912878 0.001278 0.085844
0.860451 0.010682 0.128866
0.017547 0.982245 0.000208
0.474773 0.522008 0.003218
0.416880 0.024649 0.558472
0.008905 0.990647 0.000447
0.000146 0.994402 0.005451
0.980273 0.018922 0.000804
0.269930 0.005079 0.724991
0.021200 0.978608 0.000193
0.096355 0.880297 0.023347
0.001487 0.996645 0.001868
0.000312 0.998730 0.000958
0.822112 0.172863 0.005025
0.018187 0.981332 0.000481
0.932906 0.064722 0.002372
0.113425 0.870281 0.016294
0.288126 0.709603 0.002271
0.004965 0.994384 0.000651
0.003680 0.995908 0.000412
0.837459 0.152253 0.010288
0.012166 0.987523 0.000311
0.023560 0.041295 0.935144
0.047534 0.950065 0.002400
0.000171 0.997723 0.002106
0.021931 0.961606 0.016463
0.926545 0.053019 0.020436
0.648381 0.047106 0.304513
0.001366 0.997290 0.001344
0.018067 0.980492 0.001441
0.336833 0.008798 0.654369
0.988155 0.007262 0.004582
0.007244 0.992151 0.000605
0.003603 0.994864 0.001532
0.044621 0.953529 0.001849
0.978734 0.005523 0.015743
0.919548 0.078394 0.002058
0.983269 0.005082 0.011649
0.994561 0.001866 0.003573
0.966684 0.011223 0.022093
0.414486 0.034159 0.551355
0.829775 0.006591 0.163634
0.001940 0.997899 0.000160
0.027201 0.009513 0.963286
0.008069 0.991721 0.000210
0.095050 0.892140 0.012810
0.813712 0.011641 0.174647
0.969669 0.015712 0.014619
0.100683 0.894847 0.004470
0.001512 0.998366 0.000122
0.721845 0.003930 0.274225
0.003441 0.715688 0.280871
0.002816 0.959713 0.037472
0.944133 0.042926 0.012941
0.095533 0.895978 0.008489
0.720469 0.023747 0.255784
0.924106 0.068853 0.007040
0.004406 0.994246 0.001348
0.003661 0.994622 0.001717
0.004435 0.995167 0.000399
0.000251 0.999613 0.000136
0.875239 0.071139 0.053622
0.872036 0.126391 0.001573
0.896539 0.100239 0.003222
0.689272 0.259429 0.051300
0.015822 0.983912 0.000266
0.960992 0.037148 0.001860
0.000843 0.997564 0.001593
0.900001 0.000913 0.099086
0.806096 0.026813 0.167090
0.400440 0.596609 0.002951
0.009965 0.934877 0.055159
0.772592 0.035183 0.192225
0.005800 0.991580 0.002619
0.840829 0.025450 0.133721
0.961950 0.005637 0.032412
0.208991 0.281168 0.509841
0.786648 0.003438 0.209914
0.002240 0.997094 0.000665
0.249945 0.747180 0.002875
0.008916 0.764424 0.226660
0.027094 0.971596 0.001310
0.022672 0.966890 0.010439
0.962089 0.002269 0.035643
0.000396 0.996538 0.003066
0.075890 0.923613 0.000497
0.988718 0.008170 0.003112
0.907517 0.090002 0.002481
0.980271 0.007310 0.012418
0.010278 0.989456 0.000266
0.977389 0.009692 0.012919
0.125678 0.000882 0.873440
0.881718 0.018211 0.100071
0.805041 0.012015 0.182944
0.786934 0.005718 0.207348
0.978469 0.016944 0.004587
0.028172 0.970069 0.001760
0.926995 0.071056 0.001949
0.873444 0.012517 0.114039
0.007414 0.002111 0.990475
0.939796 0.057025 0.003179
0.865355 0.027216 0.107428
0.944606 0.047128 0.008267
0.906038 0.005136 0.088827
0.002403 0.764411 0.233186
0.795374 0.188502 0.016124
0.140139 0.019794 0.840067
0.006329 0.992688 0.000983
0.047350 0.952266 0.000384
0.959121 0.000787 0.040092
0.969230 0.015842 0.014928
0.947937 0.005115 0.046949
0.179911 0.002463 0.817626
0.000320 0.809170 0.190510
0.289520 0.003620 0.706859
0.107952 0.000771 0.891277
0.006140 0.992941 0.000919
0.014446 0.981155 0.004399
0.034816 0.964587 0.000597
0.000525 0.994174 0.005301
0.010000 0.989301 0.000699
0.820413 0.006100 0.173487
0.002081 0.997498 0.000421
0.022846 0.976805 0.000349
0.088248 0.016999 0.894753
0.006252 0.001967 0.991781
0.805768 0.157844 0.036387
0.975407 0.004750 0.019843
0.009568 0.987646 0.002786
0.002190 0.532006 0.465805
0.034588 0.963983 0.001429
0.003868 0.995978 0.000154
0.006830 0.992855 0.000315
0.084895 0.007970 0.907135
0.023891 0.075863 0.900246
0.561914 0.436842 0.001244
0.005239 0.994501 0.000260
0.074811 0.924929 0.000260
0.005527 0.992839 0.001635
0.222243 0.774724 0.003033
0.814226 0.184241 0.001533
0.008757 0.984031 0.007212
0.836272 0.012386 0.151343
0.842275 0.025301 0.132424
0.966244 0.001420 0.032336
0.074927 0.011208 0.913864
0.025708 0.973352 0.000939
0.953239 0.008182 0.038579
0.891080 0.064771 0.044148
0.819707 0.177698 0.002595
0.842247 0.003189 0.154563
0.003397 0.984467 0.012136
0.034705 0.964860 0.000436
0.002081 0.997302 0.000617
0.934030 0.002370 0.063600
0.207237 0.780955 0.011808
0.026894 0.968175 0.004931
0.973370 0.024069 0.002561
0.966790 0.020050 0.013160
0.000457 0.786640 0.212902
0.000904 0.998875 0.000222
0.991471 0.001451 0.007078
0.009663 0.990056 0.000281
0.016133 0.982299 0.001567
0.329380 0.547804 0.122816
0.008637 0.991132 0.000231
0.013883 0.983783 0.002334
0.011295 0.986420 0.002285
0.781770 0.002179 0.216051
0.989365 0.004504 0.006131
0.032807 0.966882 0.000311
0.121552 0.002795 0.875653
0.024616 0.927525 0.047860
0.083907 0.913019 0.003074
0.851846 0.130256 0.017898
0.883473 0.041617 0.074910
0.000571 0.999203 0.000226
0.001282 0.997225 0.001493
0.955306 0.034491 0.010202
0.004753 0.994288 0.000959
0.011311 0.988549 0.000140
0.793733 0.077757 0.128510
0.013169 0.986651 0.000180
0.347583 0.650504 0.001914
0.961822 0.012185 0.025994
0.982747 0.005514 0.011739
0.982551 0.016940 0.000509
0.959464 0.033273 0.007263
0.828776 0.168287 0.002938
0.000350 0.996591 0.003058
0.493110 0.481861 0.025029
0.178858 0.006000 0.815142
0.788663 0.198688 0.012648
0.007834 0.991080 0.001086
0.041107 0.001190 0.957703
0.948251 0.010377 0.041372
0.007323 0.945236 0.047441
0.082356 0.917444 0.000200
0.947848 0.008284 0.043868
0.741261 0.072393 0.186346
0.060205 0.017724 0.922071
0.000315 0.962493 0.037192
0.011913 0.986326 0.001760
0.651710 0.347335 0.000955
0.009537 0.988536 0.001927
0.970520 0.026606 0.002874
0.953660 0.045586 0.000754
0.011382 0.983107 0.005511
0.008469 0.991253 0.000278
0.956486 0.038223 0.005291
0.944247 0.019867 0.035886
0.886237 0.111067 0.002696
0.964088 0.005942 0.029970
0.021339 0.977996 0.000665
0.012883 0.985413 0.001704
0.005390 0.989318 0.005292
0.002847 0.996827 0.000326
0.008092 0.984256 0.007652
0.950495 0.010886 0.038619
0.011101 0.980123 0.008777
0.531959 0.467383 0.000659
0.000419 0.945340 0.054241
0.001020 0.991198 0.007782
0.929983 0.000924 0.069093
0.001306 0.953413 0.045281
0.021305 0.978249 0.000446
0.019285 0.961420 0.019295
0.050297 0.947714 0.001989
0.110283 0.888294 0.001423
0.020612 0.978405 0.000983
0.832813 0.162372 0.004814
0.160919 0.817375 0.021705
0.978308 0.005610 0.016083
0.470075 0.527383 0.002542
0.459115 0.508274 0.032611
0.433632 0.016722 0.549646
0.017294 0.965649 0.017057
0.755302 0.004054 0.240644
0.891248 0.002258 0.106493
0.033119 0.962259 0.004622
0.045147 0.543559 0.411294
0.001075 0.998164 0.000761
0.002099 0.993456 0.004445
0.000351 0.999334 0.000315
0.202532 0.779068 0.018400
0.986441 0.010177 0.003382
0.026273 0.003383 0.970344
0.919328 0.005845 0.074827
0.008193 0.984697 0.007111
0.479384 0.002003 0.518613
0.970744 0.003975 0.025282
0.843731 0.155062 0.001207
0.001552 0.984244 0.014204
0.953825 0.045331 0.000843
0.004472 0.994834 0.000695
0.522477 0.473601 0.003922
0.006539 0.990483 0.002978
0.006453 0.532128 0.461419
0.718987 0.019096 0.261917
0.961089 0.035321 0.003591
0.820562 0.024271 0.155167
0.012867 0.004011 0.983122
0.021188 0.108496 0.870315
0.026751 0.973127 0.000122
0.014145 0.984394 0.001461
0.516762 0.481562 0.001676
0.000287 0.998147 0.001566
0.933706 0.061188 0.005106
0.000215 0.996461 0.003324
0.172449 0.024122 0.803429
0.978651 0.020054 0.001294
0.764700 0.232472 0.002828
0.002834 0.913393 0.083772
0.711233 0.262392 0.026375
0.939367 0.000543 0.060090
0.968738 0.025168 0.006095
0.003965 0.995187 0.000849
0.069547 0.930021 0.000432
0.967351 0.021605 0.011043
0.001499 0.997466 0.001035
0.978110 0.018968 0.002922
0.890790 0.004342 0.104868
0.056086 0.938322 0.005592
0.433442 0.564086 0.002472
0.156209 0.012241 0.831551
0.927080 0.072038 0.000882
0.162452 0.825429 0.012118
0.941271 0.008130 0.050600
0.972009 0.001276 0.026715
0.096921 0.000766 0.902313
0.525056 0.471276 0.003668
0.762065 0.005579 0.232356
0.013644 0.986155 0.000201
0.807051 0.190026 0.002924
0.905669 0.051309 0.043022
0.034608 0.957087 0.008305
0.724382 0.021295 0.254323
0.525451 0.472758 0.001791
0.370521 0.422735 0.206744
0.913911 0.046252 0.039837
0.000210 0.996584 0.003206
0.131602 0.857940 0.010458
0.032140 0.967528 0.000332
0.000768 0.998928 0.000304
0.810797 0.185051 0.004152
0.049293 0.950358 0.000349
0.815400 0.140400 0.044201
0.017227 0.977405 0.005368
0.000625 0.999228 0.000147
0.000497 0.963547 0.035957
0.220451 0.778809 0.000740
0.004575 0.995237 0.000188
0.893990 0.105108 0.000901
0.006726 0.992941 0.000333
0.039726 0.958562 0.001712
0.932148 0.003540 0.064312
0.008541 0.990305 0.001154
0.406370 0.074441 0.519189
0.003905 0.992513 0.003582
0.171321 0.827156 0.001523
0.001226 0.945237 0.053537
0.927548 0.070244 0.002209
0.021193 0.978673 0.000134
0.691231 0.045029 0.263740
0.858466 0.004268 0.137266
0.093508 0.901429 0.005063
0.242390 0.756551 0.001059
0.007057 0.992573 0.000370
0.017302 0.982411 0.000287
0.887300 0.005522 0.107177
0.662439 0.028849 0.308712
0.027943 0.971239 0.000817
0.004178 0.995490 0.000331
0.008956 0.949405 0.041639
0.920804 0.022236 0.056960
0.978861 0.005397 0.015742
0.001827 0.997907 0.000266
0.405790 0.590886 0.003324
0.001375 0.998584 0.000041
0.014869 0.977997 0.007134
0.642102 0.002692 0.355207
0.016415 0.983394 0.000191
0.921604 0.033368 0.045028
0.000881 0.984943 0.014176
0.000977 0.998904 0.000119
0.069254 0.762874 0.167872
0.844039 0.011127 0.144834
0.175851 0.822570 0.001578
0.059332 0.940093 0.000574
0.099425 0.880225 0.020350
0.003291 0.589272 0.407437
0.000991 0.688033 0.310976
0.004829 0.994513 0.000658
0.018111 0.976835 0.005054
0.058320 0.940829 0.000851
0.127126 0.869625 0.003250
0.988035 0.009256 0.002710
0.000342 0.949536 0.050122
0.171287 0.001518 0.827195
0.002291 0.933605 0.064104
0.000406 0.999294 0.000301
0.104162 0.007787 0.888051
0.152919 0.846664 0.000417
0.001562 0.997628 0.000810
0.052418 0.947347 0.000234
0.338239 0.053964 0.607798
0.006845 0.989852 0.003303
0.004570 0.994752 0.000678
0.001303 0.998286 0.000411
0.001038 0.998104 0.000858
0.005477 0.994057 0.000466
0.003734 0.996035 0.000231
0.825409 0.170403 0.004188
0.939036 0.010898 0.050067
0.010618 0.987533 0.001849
0.002372 0.990535 0.007093
0.000251 0.992664 0.007085
0.030341 0.966583 0.003076
0.019015 0.980887 0.000097
0.944586 0.045427 0.009986
0.568022 0.425537 0.006441
0.974811 0.003368 0.021821
0.001003 0.997613 0.001383
0.012951 0.005214 0.981834
0.020639 0.978352 0.001009
0.005881 0.960986 0.033133
0.033825 0.964870 0.001305
0.244031 0.045664 0.710304
0.805563 0.001236 0.193202
0.011992 0.986903 0.001105
0.004957 0.994772 0.000271
0.298175 0.700679 0.001147
0.242685 0.424424 0.332891
0.879109 0.120168 0.000723
0.013659 0.984969 0.001372
0.000198 0.984687 0.015115
0.028370 0.971059 0.000571
0.952592 0.041597 0.005811
0.006691 0.992686 0.000624
0.895671 0.023718 0.080611
0.031862 0.967739 0.000398
0.000910 0.998949 0.000142
0.003994 0.995363 0.000643
0.573644 0.265000 0.161356
0.975931 0.016184 0.007884
0.982826 0.001208 0.015966
0.001382 0.995108 0.003510
0.012695 0.978487 0.008818
0.000493 0.998242 0.001265
0.023865 0.000626 0.975509
0.021960 0.959977 0.018063
0.794495 0.003284 0.202221
0.001301 0.988864 0.009835
0.116745 0.001844 0.881411
0.000840 0.999097 0.000063
0.033057 0.966685 0.000258
0.011538 0.987824 0.000638
0.000681 0.993089 0.006230
0.011487 0.984187 0.004326
0.015176 0.984349 0.000475
0.008731 0.984410 0.006859
0.629919 0.358568 0.011513
0.173482 0.821048 0.005469
0.011400 0.985640 0.002960
0.966553 0.002458 0.030989
0.006491 0.988171 0.005338
0.060763 0.938892 0.000346
0.942673 0.002331 0.054996
0.035054 0.963924 0.001022
0.000719 0.998291 0.000990
0.104970 0.873387 0.021643
0.844390 0.155061 0.000549
0.324788 0.593405 0.081808
0.689332 0.290246 0.020422
0.916335 0.002418 0.081248
0.684394 0.312220 0.003386
0.551327 0.420318 0.028354
0.818302 0.014525 0.167172
0.953109 0.019740 0.027150
0.780575 0.009592 0.209833
0.025850 0.973382 0.000768
0.955396 0.043620 0.000984
0.900949 0.038238 0.060812
0.108815 0.889376 0.001809
0.958677 0.000646 0.040677
0.007905 0.991868 0.000227
0.900149 0.005857 0.093994
0.005305 0.738344 0.256351
0.000413 0.999399 0.000187
0.086556 0.007543 0.905901
0.185141 0.811629 0.003231
0.001660 0.998165 0.000175
0.958590 0.025806 0.015604
0.043414 0.956103 0.000483
0.010167 0.989557 0.000276
0.985876 0.005948 0.008176
0.009837 0.984529 0.005634
0.035232 0.952071 0.012697
0.002338 0.988535 0.009127
0.000279 0.995269 0.004452
0.906920 0.092129 0.000950
0.002214 0.996513 0.001272
0.062544 0.937005 0.000451
0.923954 0.074687 0.001359
0.000944 0.995421 0.003635
0.467372 0.003809 0.528819
0.217188 0.777261 0.005551
0.938666 0.055660 0.005674
0.002305 0.996957 0.000738
0.938590 0.058375 0.003035
0.951058 0.047626 0.001316
0.055927 0.942884 0.001189
0.330288 0.643803 0.025909
0.003391 0.996544 0.000064
0.822496 0.092218 0.085286
0.971419 0.027410 0.001171
0.267113 0.001707 0.731180
0.817832 0.179896 0.002273
0.001577 0.993681 0.004742
0.007759 0.991814 0.000427
0.284482 0.002290 0.713228
0.941717 0.024537 0.033746
0.008448 0.982806 0.008746
0.007377 0.991654 0.000969
0.002766 0.997017 0.000217
0.582988 0.416468 0.000544
0.910593 0.002003 0.087403
0.610888 0.368808 0.020304
0.026354 0.972492 0.001154
0.762773 0.003186 0.234041
0.037031 0.961971 0.000997
0.010445 0.984889 0.004665
0.884756 0.004007 0.111236
0.704079 0.289520 0.006401
0.955295 0.042509 0.002196
0.022446 0.976584 0.000970
0.929362 0.068342 0.002296
0.001606 0.996561 0.001833
0.806913 0.182898 0.010189
0.002976 0.996638 0.000387
0.001233 0.951892 0.046875
0.058322 0.938858 0.002820
0.692740 0.282549 0.024712
0.832668 0.007047 0.160285
0.977771 0.016455 0.005775
0.981437 0.005570 0.012993
0.169710 0.826968 0.003322
0.976043 0.018875 0.005082
0.671952 0.313106 0.014942
0.004716 0.994291 0.000993
0.164627 0.826533 0.008840
0.038421 0.960479 0.001100
0.031061 0.968661 0.000278
0.016274 0.983460 0.000266
0.004182 0.995682 0.000135
0.073190 0.914042 0.012768
0.945665 0.047406 0.006929
0.973459 0.000989 0.025552
0.920766 0.077975 0.001259
0.964559 0.033646 0.001795
0.051057 0.944756 0.004187
0.001609 0.996628 0.001762
0.001748 0.984180 0.014072
0.968257 0.019548 0.012196
0.714129 0.270798 0.015073
0.957918 0.036420 0.005662
0.001353 0.998530 0.000116
0.903674 0.092408 0.003918
0.001287 0.997790 0.000923
0.977799 0.021766 0.000434
0.008983 0.984680 0.006337
0.005980 0.671121 0.322899
0.705217 0.138255 0.156527
0.000193 0.999730 0.000077
0.003396 0.995768 0.000835
0.019236 0.959500 0.021264
0.947940 0.049024 0.003036
0.383554 0.059448 0.556998
0.001176 0.998702 0.000122
0.002848 0.981802 0.015350
0.001430 0.989989 0.008581
0.000844 0.970032 0.029123
0.961187 0.015717 0.023096
0.001307 0.998500 0.000193
0.596100 0.312804 0.091096
0.014364 0.985321 0.000315
0.988895 0.002232 0.008873
0.297677 0.697694 0.004628
0.052986 0.074246 0.872768
0.012620 0.987152 0.000228
0.686682 0.001113 0.312205
0.102032 0.864278 0.033690
0.000345 0.998580 0.001075
0.004056 0.995346 0.000598
0.172609 0.824122 0.003270
0.382457 0.616377 0.001166
0.080729 0.011179 0.908092
0.968394 0.025134 0.006473
0.066794 0.007873 0.925333
0.921211 0.069175 0.009614
0.601687 0.004065 0.394248
0.004140 0.985644 0.010216
0.017888 0.980973 0.001139
0.003472 0.990727 0.005800
0.826457 0.163773 0.009770
0.955006 0.006839 0.038155
0.883552 0.007256 0.109192
0.018553 0.981201 0.000247
0.843014 0.156763 0.000224
0.001969 0.990270 0.007761
0.805045 0.194201 0.000753
0.842218 0.002910 0.154872
0.266646 0.511285 0.222069
0.974322 0.011424 0.014253
0.191330 0.803287 0.005384
0.220145 0.674050 0.105805
0.499189 0.499678 0.001133
0.000727 0.998883 0.000390
0.045381 0.953860 0.000759
0.001074 0.998787 0.000140
0.002007 0.992527 0.005465
0.570288 0.007923 0.421790
0.445108 0.111475 0.443417
0.056874 0.007156 0.935969
0.047071 0.952185 0.000744
0.065688 0.023157 0.911156
0.000396 0.989714 0.009890
0.746878 0.131232 0.121890
0.009915 0.728890 0.261195
0.046458 0.951413 0.002129
0.865466 0.074199 0.060335
0.029938 0.968941 0.001122
0.694640 0.000758 0.304602
0.003737 0.995602 0.000661
0.007979 0.990916 0.001106
0.916901 0.030828 0.052270
0.001454 0.997389 0.001157
0.006742 0.993146 0.000112
0.050342 0.946398 0.003261
0.001757 0.997387 0.000856
0.914754 0.072032 0.013213
0.018573 0.980477 0.000950
0.985301 0.001546 0.013153
0.089339 0.888448 0.022212
0.001840 0.997995 0.000165
0.867573 0.048411 0.084015
0.028632 0.970851 0.000518
0.922955 0.029328 0.047717
0.445406 0.531094 0.023501
0.000237 0.997709 0.002054
0.030905 0.968318 0.000777
0.009702 0.989889 0.000409
0.942041 0.028566 0.029394
0.069247 0.002745 0.928008
0.877363 0.113370 0.009267
0.956894 0.010207 0.032899
0.001250 0.919154 0.079596
0.000500 0.998080 0.001421
0.001245 0.921824 0.076932
0.743913 0.003947 0.252139
0.004223 0.994580 0.001197
0.000669 0.924458 0.074872
0.026203 0.973114 0.000683
0.113076 0.886657 0.000267
0.039476 0.942350 0.018173
0.369497 0.568212 0.062291
0.166617 0.006943 0.826440
0.933511 0.001056 0.065434
0.789214 0.001366 0.209420
0.873456 0.033006 0.093538
0.011581 0.987066 0.001353
0.067079 0.932510 0.000411
0.166085 0.009126 0.824790
0.883984 0.001523 0.114493
0.861256 0.118960 0.019784
0.288566 0.647023 0.064410
0.684860 0.312834 0.002306
0.907939 0.018221 0.073840
0.000485 0.983489 0.016026
0.001406 0.948452 0.050142
0.908311 0.082187 0.009502
0.010349 0.986950 0.002701
0.002074 0.997507 0.000419
0.887018 0.079375 0.033607
0.165415 0.804831 0.029755
0.032830 0.966290 0.000880
0.001823 0.993735 0.004442
0.003281 0.937017 0.059702
0.397770 0.000707 0.601523
0.026395 0.962310 0.011295
0.021272 0.977570 0.001159
0.180308 0.818971 0.000722
0.055917 0.943694 0.000389
0.403382 0.595710 0.000908
0.849903 0.117245 0.032851
0.003911 0.992602 0.003488
0.028905 0.970751 0.000344
0.898438 0.040289 0.061273
0.982304 0.002190 0.015506
0.103680 0.888809 0.007511
0.827368 0.003045 0.169587
0.019213 0.979546 0.001241
0.721855 0.008884 0.269261
0.971076 0.026874 0.002051
0.007526 0.992122 0.000352
0.086236 0.913241 0.000523
0.198914 0.010436 0.790650
0.004795 0.995141 0.000064
0.003220 0.989708 0.007072
0.894195 0.073336 0.032469
0.003434 0.874577 0.121990
0.578008 0.421088 0.000905
0.953821 0.029731 0.016448
0.001499 0.998257 0.000244
0.724834 0.101705 0.173461
0.001617 0.997028 0.001355
0.970932 0.017175 0.011893
0.922924 0.064306 0.012770
0.940686 0.041982 0.017333
0.219575 0.754590 0.025835
0.860555 0.005070 0.134375
0.966093 0.008204 0.025703
0.705487 0.005805 0.288708
0.970572 0.003388 0.026040
0.088949 0.901566 0.009485
0.945923 0.050993 0.003084
0.049098 0.947825 0.003077
0.841982 0.023172 0.134846
0.001665 0.989320 0.009015
0.441067 0.542460 0.016473
0.946293 0.002907 0.050799
0.001342 0.998181 0.000477
0.963146 0.030712 0.006141
0.085918 0.908279 0.005803
0.005816 0.992019 0.002165
0.002848 0.996883 0.000269
0.105880 0.717546 0.176573
0.526397 0.472664 0.000939
0.958742 0.039035 0.002222
0.188139 0.806289 0.005572
0.723675 0.043069 0.233256
0.002043 0.997574 0.000383
0.004553 0.995257 0.000190
0.040889 0.934362 0.024748
0.971259 0.027246 0.001495
0.826911 0.166108 0.006981
0.004266 0.995344 0.000389
0.990214 0.007384 0.002402
0.012524 0.986639 0.000837
0.004811 0.995108 0.000080
0.002455 0.997149 0.000396
0.001528 0.882357 0.116115
0.506043 0.010829 0.483128
0.798336 0.117042 0.084621
0.834016 0.163889 0.002095
0.000393 0.997780 0.001827
0.001730 0.996681 0.001589
0.774071 0.197590 0.028339
0.015954 0.980203 0.003843
0.633925 0.004922 0.361153
0.002553 0.996971 0.000476
0.669393 0.198506 0.132101
0.002187 0.997032 0.000781
0.020477 0.970882 0.008641
0.937929 0.008420 0.053651
0.004081 0.632389 0.363531
0.058528 0.778551 0.162921
0.185097 0.787258 0.027645
0.028634 0.967608 0.003758
0.479016 0.002555 0.518429
0.003558 0.996309 0.000133
0.010140 0.962729 0.027131
0.003124 0.996210 0.000666
0.033772 0.964695 0.001532
0.913807 0.009166 0.077027
0.170567 0.771000 0.058433
0.003431 0.996493 0.000077
0.002642 0.988150 0.009208
0.934316 0.042881 0.022803
0.842140 0.150217 0.007644
0.907892 0.091312 0.000796
0.028989 0.970138 0.000873
0.554456 0.020520 0.425024
0.674702 0.024580 0.300717
0.004311 0.989803 0.005886
0.646889 0.006918 0.346192
0.537727 0.459260 0.003013
0.224469 0.183178 0.592352
0.004361 0.915503 0.080136
0.000551 0.998796 0.000653
0.949710 0.045492 0.004799
0.005082 0.994376 0.000542
0.722762 0.276891 0.000348
0.927137 0.070543 0.002321
0.777764 0.004750 0.217486
0.899326 0.001550 0.099124
0.000440 0.999215 0.000345
0.018232 0.970680 0.011088
0.870142 0.010030 0.119829
0.006763 0.993205 0.000032
0.160925 0.023360 0.815715
0.008987 0.990015 0.000998
0.000838 0.998847 0.000316
0.010040 0.988715 0.001245
0.001403 0.998441 0.000156
0.030997 0.968290 0.000713
0.713191 0.284978 0.001831
0.010654 0.979421 0.009924
0.001153 0.998554 0.000293
0.000586 0.999327 0.000086
0.809801 0.189150 0.001050
0.019815 0.978376 0.001809
0.008480 0.990899 0.000621
0.001203 0.997341 0.001456
0.012447 0.986216 0.001337
0.367983 0.021699 0.610317
0.179684 0.004148 0.816169
0.000889 0.996280 0.002830
0.809586 0.159088 0.031326
0.000610 0.996233 0.003157
0.970338 0.026266 0.003396
0.045031 0.954402 0.000567
0.747037 0.247550 0.005414
0.798423 0.194606 0.006971
0.000850 0.997994 0.001156
0.001946 0.977654 0.020400
0.088589 0.005042 0.906369
0.013268 0.986373 0.000360
0.894212 0.094537 0.011251
0.951557 0.001360 0.047083
0.040297 0.957506 0.002197
0.001072 0.996442 0.002486
0.969845 0.029170 0.000985
0.032638 0.965787 0.001574
0.894158 0.002289 0.103553
0.868427 0.102810 0.028763
0.927330 0.068392 0.004277
0.002785 0.996717 0.000499
0.018801 0.980962 0.000236
0.003413 0.996359 0.000228
0.002337 0.997429 0.000233
0.002286 0.996318 0.001396
0.005591 0.987091 0.007317
0.891623 0.106056 0.002320
0.952257 0.039698 0.008045
0.907870 0.079408 0.012722
0.500842 0.494687 0.004470
0.003781 0.996054 0.000165
0.119667 0.028113 0.852220
0.008275 0.973723 0.018002
0.540648 0.024223 0.435129
0.962929 0.030762 0.006309
0.985949 0.010278 0.003773
0.943462 0.024467 0.032071
0.002380 0.705660 0.291960
0.832529 0.080338 0.087133
0.708116 0.290275 0.001609
0.968277 0.017616 0.014107
0.081081 0.001121 0.917797
0.040887 0.956609 0.002504
0.000642 0.998762 0.000596
0.003134 0.996615 0.000252
0.013219 0.978414 0.008366
