0.020342 0.973310 0.006348
0.801802 0.044687 0.153511
0.018303 0.981314 0.000383
0.549793 0.448128 0.002079
0.716892 0.280136 0.002973
0.270440 0.727367 0.002193
0.071501 0.894009 0.034490
0.834429 0.004963 0.160609
0.876841 0.086224 0.036935
0.094455 0.904928 0.000618
0.000118 0.994920 0.004962
0.051893 0.799227 0.148879
0.043272 0.956387 0.000341
0.811016 0.017537 0.171446
0.101938 0.016591 0.881471
0.900021 0.011791 0.088188
0.460693 0.522219 0.017088
0.027624 0.972121 0.000255
0.756971 0.019748 0.223281
0.129640 0.868248 0.002112
0.154967 0.836524 0.008509
0.246662 0.015469 0.737869
0.676714 0.127362 0.195924
0.392243 0.593638 0.014119
0.525651 0.435355 0.038995
0.123075 0.860866 0.016059
0.021053 0.974704 0.004243
0.277921 0.611203 0.110877
0.883274 0.002899 0.113827
0.273757 0.725836 0.000407
0.008537 0.859357 0.132107
0.028202 0.957692 0.014106
0.739112 0.010502 0.250387
0.903750 0.008166 0.088084
0.924561 0.005845 0.069593
0.866546 0.007259 0.126196
0.693870 0.005133 0.300998
0.015078 0.984197 0.000725
0.891415 0.008020 0.100564
0.017597 0.980322 0.002081
0.033850 0.312400 0.653750
0.882571 0.098998 0.018431
0.000353 0.998525 0.001122
0.769489 0.209927 0.020584
0.372308 0.420745 0.206947
0.421035 0.017723 0.561242
0.174637 0.809629 0.015734
0.852121 0.006783 0.141096
0.236901 0.008042 0.755058
0.055312 0.944036 0.000653
0.263388 0.728988 0.007624
0.311533 0.087884 0.600583
0.005040 0.994826 0.000134
0.185130 0.180373 0.634497
0.032193 0.901750 0.066057
0.489366 0.212647 0.297987
0.011497 0.689993 0.298510
0.942264 0.052250 0.005487
0.045810 0.885940 0.068249
0.575440 0.422292 0.002269
0.133017 0.865692 0.001290
0.567654 0.189332 0.243015
0.808342 0.148027 0.043631
0.208494 0.790079 0.001427
0.260611 0.738031 0.001357
0.055313 0.942661 0.002026
0.019823 0.979907 0.000270
0.947789 0.017124 0.035087
0.364094 0.621683 0.014223
0.904559 0.009072 0.086370
0.895657 0.015009 0.089334
0.859846 0.004191 0.135963
0.906102 0.020047 0.073851
0.003576 0.538651 0.457772
0.810229 0.082326 0.107445
0.015630 0.940827 0.043543
0.128703 0.870949 0.000348
0.889834 0.073784 0.036382
0.235183 0.692009 0.072809
0.003334 0.957425 0.039241
0.374099 0.000848 0.625054
0.025932 0.973706 0.000362
0.944772 0.053151 0.002077
0.040121 0.957091 0.002788
0.166999 0.831701 0.001299
0.033485 0.942534 0.023981
0.976445 0.013428 0.010126
0.162708 0.836064 0.001228
0.079861 0.919567 0.000572
0.022968 0.976471 0.000561
0.245295 0.750008 0.004698
0.017460 0.960738 0.021801
0.017246 0.979933 0.002822
0.001499 0.773631 0.224870
0.826017 0.118372 0.055611
0.350915 0.624798 0.024286
0.154529 0.806684 0.038787
0.886104 0.003928 0.109968
0.353635 0.002403 0.643962
0.426850 0.033881 0.539269
0.886714 0.112110 0.001176
0.024680 0.974930 0.000390
0.865730 0.129753 0.004516
0.107254 0.888793 0.003953
0.046729 0.952164 0.001107
0.054440 0.027017 0.918543
0.029174 0.500492 0.470335
0.081473 0.098556 0.819971
0.003065 0.994627 0.002308
0.001138 0.996241 0.002621
0.663825 0.329161 0.007015
0.652903 0.343240 0.003857
0.649606 0.057960 0.292435
0.063795 0.929870 0.006335
0.020181 0.323475 0.656344
0.678065 0.308124 0.013812
0.034332 0.905040 0.060628
0.439761 0.528966 0.031274
0.013841 0.985966 0.000193
0.122568 0.876664 0.000768
0.546991 0.227971 0.225038
0.505200 0.002329 0.492471
0.789517 0.010152 0.200332
0.439659 0.021020 0.539322
0.360524 0.633848 0.005628
0.005650 0.994256 0.000094
0.057817 0.931763 0.010420
0.014333 0.985434 0.000234
0.106232 0.893278 0.000490
0.943010 0.004795 0.052196
0.026955 0.916633 0.056413
0.183130 0.808902 0.007968
0.522103 0.476373 0.001524
0.291398 0.703042 0.005560
0.246393 0.752717 0.000889
0.165468 0.833971 0.000561
0.563084 0.048946 0.387970
0.274842 0.006649 0.718509
0.513577 0.005123 0.481300
0.890714 0.003584 0.105702
0.158776 0.839792 0.001432
0.014693 0.956530 0.028777
0.022896 0.977038 0.000066
0.929741 0.065246 0.005013
0.537314 0.462174 0.000512
0.402946 0.520480 0.076574
0.000790 0.992449 0.006761
0.714123 0.277636 0.008241
0.638824 0.007116 0.354060
0.946027 0.007505 0.046468
0.003284 0.996613 0.000103
0.789586 0.190531 0.019883
0.018580 0.981301 0.000118
0.219188 0.763479 0.017333
0.869693 0.025551 0.104756
0.598840 0.022778 0.378382
0.769753 0.213529 0.016718
0.025078 0.973396 0.001526
0.009357 0.829162 0.161482
0.885248 0.031009 0.083743
0.202748 0.021449 0.775803
0.803599 0.022503 0.173898
0.910827 0.003016 0.086157
0.812437 0.025180 0.162383
0.029247 0.213341 0.757412
0.751177 0.040638 0.208185
0.297769 0.694967 0.007264
0.966894 0.015246 0.017861
0.015159 0.818567 0.166274
0.396529 0.264278 0.339194
0.005867 0.952249 0.041884
0.022837 0.971098 0.006065
0.000297 0.982492 0.017211
0.001010 0.974081 0.024908
0.026152 0.959610 0.014238
0.001102 0.936429 0.062469
0.883674 0.007232 0.109094
0.015355 0.842135 0.142511
0.003726 0.996006 0.000268
0.867444 0.005207 0.127349
0.970874 0.017949 0.011177
0.049510 0.912476 0.038014
0.904803 0.010473 0.084725
0.809488 0.172791 0.017721
0.862167 0.009456 0.128377
0.021978 0.962250 0.015772
0.008266 0.991449 0.000286
0.001456 0.995883 0.002661
0.894955 0.007566 0.097479
0.720164 0.135432 0.144404
0.780333 0.208771 0.010896
0.013643 0.966070 0.020288
0.635018 0.268391 0.096591
0.026818 0.675696 0.297485
0.266782 0.007368 0.725850
0.114565 0.885172 0.000263
0.781820 0.001046 0.217133
0.755845 0.176151 0.068004
0.169856 0.723235 0.106909
0.063877 0.934345 0.001778
0.014055 0.969305 0.016640
0.056624 0.874149 0.069228
0.018976 0.956219 0.024805
0.859191 0.140220 0.000589
0.753388 0.002276 0.244336
0.884226 0.005181 0.110594
0.895256 0.075291 0.029453
0.015044 0.873806 0.111150
0.006032 0.993738 0.000230
0.006531 0.801624 0.191845
0.011470 0.982034 0.006496
0.144118 0.851708 0.004174
0.606269 0.355772 0.037958
0.004507 0.995428 0.000065
0.855621 0.127236 0.017143
0.133217 0.838493 0.028290
0.483589 0.499491 0.016920
0.003118 0.833602 0.163280
0.034750 0.456392 0.508858
0.920168 0.068968 0.010864
0.905354 0.090327 0.004319
0.783421 0.004063 0.212515
0.208378 0.790431 0.001191
0.700408 0.005043 0.294549
0.942330 0.040913 0.016757
0.679618 0.099501 0.220881
0.001917 0.997938 0.000145
0.841577 0.002974 0.155449
0.219345 0.779974 0.000681
0.623485 0.371751 0.004764
0.777853 0.190949 0.031198
0.863008 0.132578 0.004414
0.788710 0.005073 0.206218
0.058814 0.469774 0.471412
0.028159 0.969984 0.001857
0.122428 0.706354 0.171217
0.813331 0.040953 0.145715
0.285693 0.257798 0.456509
0.003159 0.986200 0.010641
0.149846 0.763235 0.086919
0.003818 0.992479 0.003703
0.903127 0.068432 0.028441
0.907215 0.016531 0.076254
0.031757 0.754781 0.213462
0.002826 0.984561 0.012613
0.035788 0.652298 0.311914
0.087435 0.054132 0.858433
0.813488 0.025729 0.160783
0.045697 0.949858 0.004445
0.011671 0.894089 0.094240
0.015545 0.983790 0.000666
0.001554 0.995323 0.003123
0.914781 0.070545 0.014674
0.866319 0.129417 0.004264
0.889980 0.064363 0.045657
0.795609 0.007583 0.196808
0.473128 0.523417 0.003455
0.511522 0.002858 0.485620
0.073876 0.902044 0.024079
0.305959 0.673251 0.020790
0.566554 0.432718 0.000728
0.041632 0.957525 0.000843
0.065785 0.872768 0.061447
0.046127 0.639882 0.313991
0.145666 0.205385 0.648950
0.699472 0.029846 0.270681
0.072805 0.003466 0.923729
0.939163 0.011157 0.049680
0.849045 0.126299 0.024655
0.971940 0.010394 0.017666
0.876133 0.004790 0.119077
0.127209 0.856759 0.016032
0.006021 0.993722 0.000257
0.280114 0.690575 0.029311
0.109892 0.856615 0.033493
0.902515 0.044426 0.053059
0.009753 0.566729 0.423518
0.909022 0.006664 0.084313
0.102431 0.881639 0.015929
0.152023 0.845502 0.002475
0.885456 0.007792 0.106752
0.826733 0.004434 0.168832
0.052803 0.525149 0.422048
0.080521 0.918695 0.000783
0.341313 0.649150 0.009537
0.189673 0.739850 0.070476
0.193183 0.803583 0.003235
0.050196 0.948259 0.001545
0.067343 0.256175 0.676482
0.182242 0.157236 0.660521
0.002165 0.997718 0.000118
0.174914 0.026822 0.798264
0.771911 0.015837 0.212252
0.040922 0.958504 0.000574
0.349678 0.011352 0.638970
0.129743 0.869835 0.000421
0.480123 0.081459 0.438418
0.940567 0.008130 0.051304
0.003631 0.909892 0.086478
0.892394 0.073267 0.034339
0.089830 0.891626 0.018544
0.117521 0.882110 0.000369
0.880358 0.049294 0.070348
0.000346 0.995981 0.003673
0.017077 0.948901 0.034022
0.005452 0.830866 0.163682
0.134305 0.014543 0.851152
0.082159 0.888325 0.029516
0.028550 0.786259 0.185191
0.850195 0.005368 0.144437
0.000405 0.926361 0.073233
0.136191 0.859637 0.004172
0.008737 0.981276 0.009987
0.747328 0.014589 0.238084
0.349687 0.649569 0.000744
0.376874 0.622788 0.000338
0.518842 0.477568 0.003590
0.722529 0.011164 0.266307
0.021138 0.978679 0.000183
0.032987 0.966148 0.000865
0.007092 0.991150 0.001757
0.020787 0.978519 0.000694
0.883068 0.101407 0.015526
0.688275 0.005422 0.306303
0.064241 0.934242 0.001517
0.847808 0.006368 0.145824
0.492970 0.035493 0.471537
0.462594 0.219192 0.318214
0.624797 0.354185 0.021018
0.368740 0.627152 0.004107
0.687692 0.005315 0.306993
0.241201 0.698556 0.060242
0.723728 0.227502 0.048771
0.812927 0.159918 0.027156
0.931997 0.002541 0.065463
0.009066 0.990594 0.000339
0.065979 0.780922 0.153099
0.072176 0.927337 0.000486
0.626031 0.204614 0.169356
0.006262 0.991391 0.002347
0.034295 0.965362 0.000344
0.287777 0.632526 0.079697
0.885038 0.054313 0.060649
0.204182 0.730056 0.065762
0.002063 0.987773 0.010164
0.809017 0.017728 0.173255
0.875420 0.061654 0.062926
0.857141 0.137798 0.005061
0.056980 0.941162 0.001858
0.017550 0.964844 0.017606
0.922355 0.055913 0.021732
0.017659 0.961581 0.020760
0.353824 0.599990 0.046186
0.066737 0.930104 0.003160
0.005827 0.991889 0.002284
0.874628 0.100536 0.024835
0.014103 0.955865 0.030032
0.757292 0.204477 0.038230
0.035032 0.758969 0.205999
0.197639 0.788007 0.014354
0.046622 0.318602 0.634776
0.025864 0.973353 0.000784
0.512664 0.418646 0.068690
0.343992 0.652144 0.003864
0.029323 0.681091 0.289586
0.021094 0.978753 0.000153
0.708716 0.018356 0.272928
0.097237 0.128797 0.773966
0.824931 0.106840 0.068229
0.062970 0.932422 0.004609
0.814269 0.018209 0.167522
0.856782 0.008444 0.134773
0.931002 0.027102 0.041896
0.587442 0.394177 0.018381
0.781369 0.209046 0.009585
0.071320 0.402682 0.525999
0.882427 0.001766 0.115807
0.183672 0.004924 0.811404
0.269990 0.554092 0.175918
0.077433 0.922053 0.000514
0.668621 0.010454 0.320924
0.593555 0.012961 0.393484
0.305355 0.684985 0.009660
0.030599 0.949426 0.019975
0.267646 0.728297 0.004057
0.722209 0.038125 0.239666
0.000954 0.995349 0.003698
0.866753 0.114208 0.019039
0.211595 0.786796 0.001609
0.859956 0.021283 0.118761
0.410490 0.157177 0.432333
0.567530 0.398962 0.033508
0.108809 0.002370 0.888821
0.810248 0.016766 0.172986
0.116616 0.878383 0.005001
0.004194 0.851461 0.144346
0.897255 0.093895 0.008850
0.015967 0.923146 0.060887
0.801257 0.022393 0.176350
0.775705 0.060700 0.163594
0.653877 0.088240 0.257883
0.165249 0.033767 0.800983
0.880943 0.003672 0.115385
0.056646 0.036238 0.907116
0.397161 0.407483 0.195356
0.899650 0.096712 0.003638
0.329576 0.002200 0.668225
0.578687 0.410709 0.010603
0.900548 0.062124 0.037328
0.077665 0.919955 0.002380
0.064873 0.934237 0.000890
0.634464 0.332152 0.033384
0.000847 0.988848 0.010305
0.054628 0.893013 0.052359
0.136189 0.853796 0.010015
0.716134 0.282541 0.001325
0.162681 0.172544 0.664775
0.061242 0.938025 0.000732
0.100177 0.898035 0.001788
0.005979 0.901667 0.092354
0.064728 0.931542 0.003730
0.195826 0.789964 0.014210
0.600077 0.002749 0.397174
0.881166 0.015497 0.103337
0.766032 0.230414 0.003553
0.534625 0.003724 0.461651
0.928015 0.009306 0.062679
0.067605 0.931939 0.000456
0.213412 0.785383 0.001205
0.790642 0.015464 0.193894
0.794837 0.103802 0.101362
0.877247 0.005452 0.117301
0.642954 0.022929 0.334118
0.754934 0.002382 0.242685
0.884231 0.054672 0.061097
0.001344 0.876551 0.122105
0.014758 0.982574 0.002668
0.001942 0.991659 0.006398
0.359416 0.003884 0.636700
0.558977 0.023072 0.417951
0.001975 0.589231 0.408794
0.079488 0.919616 0.000896
0.029938 0.808861 0.161201
0.545205 0.339906 0.114888
0.004237 0.995646 0.000117
0.022778 0.928803 0.048419
0.496040 0.051858 0.452102
0.309311 0.689816 0.000873
0.936291 0.045859 0.017850
0.145520 0.853856 0.000625
0.107601 0.616273 0.276126
0.239537 0.021718 0.738745
0.787356 0.004249 0.208395
0.033302 0.966331 0.000367
0.390039 0.021168 0.588793
0.614547 0.001022 0.384431
0.862697 0.072049 0.065253
0.015297 0.954134 0.030569
0.868529 0.045381 0.086090
0.878915 0.116947 0.004138
0.837041 0.012098 0.150861
0.088096 0.909994 0.001910
0.032275 0.962896 0.004829
0.637063 0.319800 0.043136
0.723465 0.249473 0.027062
0.077586 0.922200 0.000214
0.319227 0.009871 0.670902
0.039502 0.959932 0.000566
0.052822 0.945722 0.001457
0.169431 0.829364 0.001205
0.029017 0.970113 0.000870
0.666414 0.330270 0.003315
0.015873 0.983978 0.000149
0.033614 0.965587 0.000799
0.094604 0.904635 0.000761
0.679044 0.293396 0.027561
0.018031 0.981701 0.000268
0.790471 0.018638 0.190891
0.900257 0.047729 0.052014
0.010448 0.989284 0.000267
0.110797 0.754832 0.134371
0.659696 0.069631 0.270673
0.631667 0.005034 0.363300
0.937531 0.045256 0.017213
0.751261 0.030531 0.218208
0.001372 0.998225 0.000403
0.391663 0.570568 0.037769
0.273893 0.008356 0.717751
0.012194 0.931200 0.056607
0.039897 0.951743 0.008361
0.005179 0.789813 0.205008
0.601279 0.265373 0.133348
0.623811 0.038618 0.337571
0.954179 0.009787 0.036034
0.617891 0.013932 0.368177
0.113139 0.886519 0.000342
0.009905 0.847299 0.142796
0.890372 0.025082 0.084546
0.015188 0.938267 0.046546
0.881556 0.005424 0.113020
0.004505 0.995313 0.000182
0.003474 0.996427 0.000100
0.714697 0.019358 0.265946
0.355983 0.017268 0.626749
0.801713 0.057191 0.141096
0.639999 0.325553 0.034448
0.756691 0.220545 0.022765
0.912725 0.076995 0.010280
0.745926 0.175290 0.078785
0.556417 0.005436 0.438147
0.841643 0.144653 0.013704
0.046083 0.951711 0.002206
0.005677 0.955298 0.039025
0.003450 0.909164 0.087385
0.152389 0.847355 0.000256
0.325971 0.668150 0.005879
0.859453 0.015832 0.124715
0.919561 0.007107 0.073332
0.854915 0.005029 0.140056
0.519631 0.036311 0.444058
0.066300 0.030736 0.902963
0.100560 0.002901 0.896540
0.463277 0.532039 0.004684
0.130521 0.868876 0.000602
0.915614 0.013161 0.071225
0.004830 0.525541 0.469628
0.910324 0.005991 0.083685
0.241981 0.165931 0.592088
0.001520 0.983293 0.015187
0.034360 0.931240 0.034400
0.807847 0.010091 0.182062
0.282305 0.711804 0.005890
0.022136 0.977520 0.000344
0.412532 0.586927 0.000540
0.212096 0.690852 0.097052
0.272264 0.720944 0.006793
0.019670 0.980055 0.000275
0.483515 0.512883 0.003602
0.006533 0.947958 0.045510
0.024317 0.843580 0.132103
0.038488 0.961032 0.000481
0.884498 0.005705 0.109797
0.000252 0.993204 0.006544
0.891337 0.082383 0.026280
0.027824 0.864174 0.108002
0.738946 0.007792 0.253261
0.800151 0.005408 0.194440
0.221724 0.777183 0.001093
0.273624 0.586170 0.140206
0.708546 0.022696 0.268758
0.117376 0.686077 0.196547
0.004073 0.995580 0.000346
0.809436 0.185986 0.004579
0.012195 0.986653 0.001151
0.044092 0.912249 0.043660
0.706950 0.150500 0.142550
0.802764 0.002954 0.194282
0.005333 0.994486 0.000181
0.006164 0.915456 0.078380
0.035916 0.962920 0.001163
0.055547 0.941633 0.002820
0.581627 0.228633 0.189740
0.182659 0.746757 0.070584
0.789579 0.207457 0.002964
0.726952 0.009160 0.263887
0.866359 0.059442 0.074199
0.027719 0.971874 0.000407
0.264951 0.731524 0.003525
0.735662 0.249969 0.014368
0.288549 0.014636 0.696816
0.198021 0.801006 0.000973
0.008633 0.817652 0.173715
0.227702 0.754739 0.017560
0.007050 0.917442 0.075508
0.622135 0.377004 0.000861
0.029185 0.969758 0.001057
0.551777 0.410839 0.037383
0.000190 0.998938 0.000873
0.001527 0.983482 0.014991
0.028413 0.970777 0.000810
0.458250 0.540822 0.000928
0.788526 0.184184 0.027289
0.381190 0.427852 0.190958
0.022368 0.970082 0.007550
0.879178 0.022696 0.098126
0.558274 0.171774 0.269952
0.002539 0.976426 0.021035
0.135635 0.002911 0.861454
0.628777 0.011590 0.359633
0.847379 0.010534 0.142087
0.893392 0.049537 0.057072
0.836121 0.143927 0.019952
0.035939 0.963697 0.000364
0.020405 0.979449 0.000146
0.409436 0.586341 0.004223
0.678784 0.004326 0.316890
0.563502 0.433670 0.002828
0.005673 0.993784 0.000543
0.010698 0.338494 0.650808
0.010673 0.874362 0.114964
0.001330 0.820726 0.177945
0.054342 0.943670 0.001988
0.059872 0.893194 0.046934
0.046522 0.952816 0.000661
0.016945 0.981905 0.001149
0.082575 0.916513 0.000913
0.674335 0.305342 0.020323
0.000575 0.996255 0.003170
0.831677 0.003862 0.164461
0.063588 0.936173 0.000239
0.909858 0.012201 0.077942
0.083759 0.914234 0.002007
0.693457 0.230204 0.076339
0.262115 0.658406 0.079479
0.014647 0.973483 0.011870
0.355529 0.624641 0.019830
0.841754 0.044219 0.114027
0.071048 0.924980 0.003971
0.000138 0.997865 0.001997
0.907478 0.089169 0.003352
0.641012 0.010888 0.348100
0.240061 0.288870 0.471069
0.815401 0.181015 0.003585
0.003586 0.994520 0.001895
0.132424 0.863411 0.004166
0.341090 0.636947 0.021963
0.415449 0.010672 0.573879
0.054344 0.191644 0.754012
0.536333 0.308301 0.155366
0.822689 0.147244 0.030067
0.022294 0.934416 0.043290
0.040785 0.878837 0.080377
0.720907 0.275187 0.003907
0.006687 0.985422 0.007891
0.770121 0.001989 0.227890
0.006139 0.647655 0.346206
0.114820 0.883995 0.001185
0.960318 0.029038 0.010645
0.918857 0.008387 0.072757
0.122153 0.875497 0.002350
0.008544 0.899337 0.092119
0.003994 0.986639 0.009367
0.698409 0.269283 0.032308
0.676190 0.177923 0.145887
0.024979 0.968629 0.006392
0.683453 0.280493 0.036054
0.101152 0.898554 0.000294
0.059662 0.939329 0.001008
0.119427 0.698894 0.181679
0.167076 0.569049 0.263875
0.559035 0.012449 0.428516
0.619401 0.380026 0.000573
0.183995 0.806175 0.009830
0.008861 0.159793 0.831346
0.022313 0.971685 0.006002
0.663269 0.009007 0.327724
0.592075 0.325054 0.082870
0.893564 0.104162 0.002274
0.844776 0.008857 0.146366
0.630223 0.089642 0.280135
0.036086 0.963686 0.000228
0.627906 0.362042 0.010052
0.593789 0.021632 0.384580
0.172472 0.825561 0.001967
0.000194 0.984593 0.015213
0.889237 0.110032 0.000731
0.191868 0.082547 0.725585
0.198003 0.801372 0.000625
0.590272 0.392288 0.017440
0.001756 0.966647 0.031597
0.000184 0.999353 0.000464
0.828929 0.167290 0.003781
0.081131 0.918336 0.000533
0.839839 0.157906 0.002255
0.404959 0.577652 0.017390
0.419416 0.571904 0.008680
0.199312 0.790974 0.009714
0.001348 0.998357 0.000295
0.800000 0.054569 0.145431
0.253755 0.745827 0.000418
0.261376 0.015065 0.723559
0.266157 0.732458 0.001386
0.000839 0.987361 0.011800
0.078084 0.902908 0.019008
0.856247 0.112259 0.031494
0.463263 0.005647 0.531090
0.155497 0.809260 0.035243
0.261433 0.735840 0.002727
0.462132 0.058784 0.479085
0.841782 0.045961 0.112257
0.001313 0.998629 0.000058
0.042267 0.951355 0.006379
0.072736 0.924351 0.002914
0.796106 0.117398 0.086495
0.744288 0.253054 0.002658
0.898158 0.005228 0.096614
0.887992 0.020699 0.091309
0.833303 0.003134 0.163563
0.091036 0.007345 0.901619
0.698690 0.011539 0.289771
0.049022 0.950606 0.000372
0.028612 0.147866 0.823522
0.113896 0.885115 0.000989
0.040250 0.890720 0.069030
0.631236 0.058105 0.310659
0.684499 0.007765 0.307736
0.085659 0.816847 0.097493
0.030357 0.969309 0.000335
0.406066 0.005083 0.588852
0.044996 0.753399 0.201605
0.028811 0.874453 0.096736
0.952418 0.014389 0.033193
0.164861 0.833103 0.002036
0.708943 0.030493 0.260564
0.912182 0.064928 0.022890
0.114684 0.872293 0.013024
0.014849 0.983757 0.001395
0.022670 0.968972 0.008358
0.002161 0.997753 0.000086
0.686854 0.158662 0.154484
0.843318 0.136370 0.020312
0.912981 0.081628 0.005391
0.625556 0.252200 0.122243
0.057754 0.941221 0.001024
0.920572 0.075620 0.003808
0.009904 0.946474 0.043622
0.655623 0.014064 0.330313
0.725332 0.041043 0.233625
0.315667 0.663844 0.020489
0.003268 0.847451 0.149281
0.593176 0.033094 0.373731
0.005968 0.823813 0.170219
0.811487 0.126901 0.061612
0.898674 0.001768 0.099557
0.196594 0.373641 0.429766
0.762673 0.005154 0.232173
0.071366 0.926728 0.001906
0.574190 0.416659 0.009151
0.022030 0.269798 0.708172
0.089078 0.903680 0.007241
0.013598 0.957052 0.029350
0.881970 0.009996 0.108034
0.001117 0.978417 0.020467
0.272773 0.717079 0.010148
0.973296 0.007851 0.018853
0.850658 0.134642 0.014700
0.950384 0.010563 0.039053
0.055788 0.943514 0.000697
0.884743 0.004389 0.110868
0.392475 0.093418 0.514107
0.732606 0.031808 0.235586
0.825826 0.011598 0.162575
0.869112 0.005831 0.125057
0.907015 0.012374 0.080611
0.185895 0.809060 0.005045
0.707644 0.286532 0.005824
0.848259 0.005494 0.146247
0.309586 0.008081 0.682333
0.968223 0.013451 0.018326
0.720807 0.007743 0.271450
0.797165 0.193526 0.009309
0.920455 0.006258 0.073287
0.019127 0.548990 0.431883
0.885027 0.099034 0.015939
0.355002 0.002759 0.642239
0.002495 0.997297 0.000208
0.213209 0.773690 0.013100
0.878369 0.010226 0.111405
0.861439 0.136982 0.001579
0.741939 0.003487 0.254574
0.223095 0.044779 0.732125
0.002042 0.621960 0.375997
0.654533 0.010154 0.335313
0.246190 0.024033 0.729777
0.227351 0.765429 0.007220
0.171433 0.820614 0.007953
0.164454 0.834897 0.000649
0.001585 0.958464 0.039951
0.115708 0.882991 0.001301
0.784621 0.126275 0.089104
0.013362 0.984229 0.002409
0.046288 0.953379 0.000333
0.048464 0.131132 0.820404
0.106342 0.032236 0.861422
0.127564 0.191505 0.680931
0.902548 0.003752 0.093700
0.003314 0.965310 0.031377
0.011409 0.461841 0.526749
0.139152 0.854805 0.006043
0.038582 0.961113 0.000304
0.015149 0.981659 0.003191
0.225989 0.004995 0.769017
0.013236 0.249630 0.737133
0.731249 0.266616 0.002134
0.003502 0.995944 0.000554
0.085176 0.912530 0.002294
0.108548 0.879855 0.011597
0.366212 0.590217 0.043571
0.863942 0.134721 0.001336
0.076904 0.919122 0.003974
0.940242 0.008504 0.051254
0.720003 0.065088 0.214909
0.716919 0.127120 0.155961
0.097867 0.021229 0.880904
0.016009 0.892991 0.091000
0.750575 0.165085 0.084340
0.569090 0.425422 0.005488
0.608176 0.390686 0.001138
0.647900 0.148036 0.204064
0.014891 0.889098 0.096011
0.144226 0.854533 0.001241
0.010645 0.989205 0.000150
0.789277 0.071513 0.139209
0.126045 0.871830 0.002125
0.098017 0.681448 0.220535
0.887151 0.109029 0.003820
0.814015 0.088329 0.097656
0.003873 0.531586 0.464541
0.004033 0.993565 0.002402
0.977315 0.008777 0.013908
0.128317 0.869935 0.001748
0.012809 0.939608 0.047582
0.228210 0.675550 0.096240
0.093636 0.891705 0.014659
0.021088 0.933892 0.045021
0.071460 0.927721 0.000819
0.593913 0.006625 0.399462
0.932601 0.010301 0.057098
0.308332 0.687044 0.004625
0.346675 0.013083 0.640242
0.144412 0.694251 0.161337
0.308503 0.674542 0.016955
0.655254 0.028337 0.316409
0.869577 0.029536 0.100888
0.007472 0.992309 0.000219
0.005438 0.973216 0.021346
0.967107 0.016127 0.016766
0.041162 0.949725 0.009112
0.062745 0.935667 0.001589
0.942735 0.049041 0.008224
0.304120 0.688254 0.007626
0.495650 0.497880 0.006470
0.829047 0.022888 0.148065
0.879685 0.004169 0.116146
0.982676 0.013145 0.004179
0.937236 0.058266 0.004498
0.778731 0.214432 0.006837
0.000819 0.988479 0.010702
0.355323 0.624049 0.020628
0.341711 0.009711 0.648578
0.793386 0.194308 0.012306
0.018782 0.980627 0.000591
0.147837 0.005222 0.846940
0.517559 0.211575 0.270865
0.043072 0.566344 0.390584
0.140868 0.854733 0.004400
0.973592 0.005978 0.020430
0.542494 0.043050 0.414456
0.019418 0.066560 0.914022
0.010172 0.828993 0.160835
0.100687 0.898011 0.001302
0.806860 0.190881 0.002259
0.022169 0.971805 0.006027
0.858682 0.096304 0.045014
0.814019 0.183765 0.002216
0.029031 0.922169 0.048800
0.028454 0.970167 0.001378
0.766415 0.228125 0.005460
0.689971 0.033256 0.276773
0.652291 0.344973 0.002736
0.543228 0.358626 0.098147
0.147893 0.851339 0.000767
0.087765 0.910330 0.001905
0.129083 0.869597 0.001319
0.006755 0.988040 0.005205
0.176268 0.707063 0.116668
0.895018 0.089637 0.015345
0.108031 0.792895 0.099074
0.393865 0.596321 0.009814
0.001813 0.828744 0.169443
0.001751 0.993661 0.004588
0.812335 0.005998 0.181667
0.012664 0.820399 0.166937
0.008531 0.991052 0.000417
0.093425 0.866511 0.040065
0.253982 0.743555 0.002463
0.227146 0.770627 0.002227
0.042200 0.912241 0.045560
0.796806 0.201509 0.001685
0.206921 0.612198 0.180881
0.746843 0.206432 0.046725
0.391433 0.595018 0.013549
0.226184 0.450592 0.323224
0.570624 0.023981 0.405395
0.038543 0.959002 0.002455
0.311175 0.036165 0.652660
0.585881 0.003984 0.410134
0.098767 0.778594 0.122638
0.069566 0.340928 0.589506
0.001661 0.998240 0.000099
0.014847 0.900890 0.084263
0.000800 0.997407 0.001793
0.345152 0.613817 0.041030
0.802170 0.008527 0.189303
0.116698 0.011193 0.872109
0.795795 0.006324 0.197881
0.094421 0.748859 0.156720
0.503078 0.006485 0.490437
0.897097 0.002826 0.100076
0.779306 0.215809 0.004885
0.002117 0.975721 0.022162
0.650860 0.347175 0.001966
0.010221 0.989417 0.000362
0.346728 0.652549 0.000724
0.035277 0.933311 0.031412
0.061751 0.183718 0.754531
0.840761 0.043924 0.115315
0.859605 0.088480 0.051915
0.647502 0.019893 0.332605
0.155382 0.044909 0.799709
0.048271 0.076973 0.874756
0.207491 0.788817 0.003693
0.058825 0.940002 0.001173
0.426751 0.568612 0.004637
0.000343 0.996698 0.002958
0.858134 0.138534 0.003332
0.002286 0.981760 0.015954
0.463342 0.013445 0.523213
0.916612 0.063596 0.019791
0.629978 0.366834 0.003188
0.020845 0.616480 0.362676
0.498812 0.418246 0.082942
0.871999 0.008225 0.119776
0.773391 0.020415 0.206194
0.029246 0.970070 0.000684
0.139680 0.858788 0.001532
0.918469 0.026939 0.054592
0.003733 0.995916 0.000351
0.877813 0.062653 0.059534
0.812864 0.003321 0.183815
0.453755 0.502084 0.044161
0.727936 0.259358 0.012706
0.520350 0.007032 0.472618
0.832068 0.165273 0.002659
0.193676 0.786434 0.019889
0.930216 0.008801 0.060982
0.946003 0.003200 0.050797
0.267711 0.008846 0.723442
0.327853 0.659243 0.012904
0.911457 0.014596 0.073947
0.005510 0.994479 0.000011
0.736987 0.259121 0.003892
0.680805 0.014732 0.304463
0.098485 0.883302 0.018212
0.828366 0.003990 0.167644
0.717966 0.278870 0.003164
0.540362 0.193545 0.266093
0.878588 0.106351 0.015061
0.000645 0.942539 0.056817
0.105195 0.893926 0.000878
0.060503 0.938577 0.000921
0.005921 0.992071 0.002008
0.703098 0.207063 0.089838
0.019691 0.980140 0.000169
0.563519 0.432941 0.003540
0.056739 0.938187 0.005074
0.000361 0.999596 0.000043
0.004893 0.825189 0.169919
0.131892 0.857341 0.010767
0.110094 0.889011 0.000895
0.815685 0.153110 0.031205
0.074609 0.925134 0.000257
0.052938 0.583593 0.363469
0.889037 0.032236 0.078727
0.010545 0.988475 0.000980
0.601042 0.154584 0.244374
0.003457 0.978647 0.017896
0.277560 0.722080 0.000359
0.007590 0.705360 0.287049
0.913120 0.043547 0.043333
0.098695 0.900332 0.000973
0.551571 0.019477 0.428953
0.877809 0.015679 0.106512
0.036541 0.953600 0.009860
0.358579 0.640655 0.000766
0.006447 0.993071 0.000482
0.230810 0.767819 0.001370
0.630609 0.007197 0.362194
0.302269 0.137218 0.560513
0.045029 0.953850 0.001120
0.002796 0.997199 0.000004
0.200950 0.470008 0.329042
0.698523 0.004895 0.296582
0.954228 0.023796 0.021976
0.004421 0.995336 0.000243
0.691698 0.306086 0.002216
0.099458 0.899961 0.000580
0.000900 0.956768 0.042332
0.207491 0.095940 0.696569
0.138202 0.861212 0.000586
0.603141 0.322009 0.074850
0.005587 0.879630 0.114783
0.031385 0.968369 0.000246
0.071747 0.860742 0.067511
0.775144 0.008620 0.216235
0.262254 0.734327 0.003419
0.063855 0.931373 0.004772
0.144424 0.815925 0.039651
0.021787 0.352227 0.625986
0.007678 0.663961 0.328361
0.149468 0.670445 0.180087
0.007159 0.932755 0.060086
0.027501 0.951303 0.021196
0.095329 0.869947 0.034723
0.972257 0.013212 0.014531
0.005970 0.838273 0.155757
0.377237 0.001789 0.620974
0.010683 0.674052 0.315265
0.009394 0.989742 0.000863
0.084103 0.151819 0.764078
0.242719 0.756101 0.001180
0.000601 0.997358 0.002040
0.149545 0.848792 0.001663
0.319309 0.213460 0.467231
0.270345 0.727345 0.002310
0.003694 0.996230 0.000076
0.001258 0.998223 0.000519
0.039564 0.959769 0.000666
0.012704 0.983835 0.003461
0.009002 0.990269 0.000728
0.869811 0.089831 0.040358
0.838315 0.031158 0.130526
0.041080 0.957034 0.001885
0.069173 0.927702 0.003126
0.001522 0.994351 0.004127
0.047247 0.932115 0.020637
0.134148 0.863853 0.001999
0.937308 0.012276 0.050416
0.338704 0.658237 0.003059
0.847843 0.003181 0.148976
0.000562 0.997946 0.001492
0.053740 0.015986 0.930273
0.024728 0.924357 0.050915
0.097335 0.889280 0.013385
0.133221 0.866091 0.000688
0.519611 0.286842 0.193547
0.679290 0.001124 0.319586
0.018257 0.977370 0.004373
0.126347 0.873254 0.000399
0.689849 0.298261 0.011890
0.130092 0.446432 0.423475
0.851158 0.147990 0.000852
0.054080 0.944936 0.000984
0.005611 0.970825 0.023564
0.089306 0.909490 0.001203
0.952592 0.009945 0.037464
0.124241 0.874756 0.001003
0.881463 0.005533 0.113004
0.118505 0.872585 0.008910
0.032009 0.967722 0.000269
0.006158 0.993468 0.000373
0.767993 0.062478 0.169529
0.936039 0.042758 0.021203
0.747966 0.005695 0.246339
0.001333 0.946287 0.052380
0.291913 0.633272 0.074815
0.004977 0.972664 0.022359
0.230197 0.003817 0.765986
0.052619 0.859014 0.088367
0.434545 0.002463 0.562992
0.010914 0.984759 0.004327
0.119369 0.003021 0.877611
0.002464 0.996782 0.000754
0.164260 0.835327 0.000413
0.159162 0.839882 0.000956
0.035064 0.902087 0.062849
0.019572 0.942084 0.038344
0.063547 0.935281 0.001172
0.017988 0.952883 0.029129
0.937592 0.029665 0.032743
0.256621 0.723042 0.020338
0.067452 0.926713 0.005835
0.912345 0.027351 0.060305
0.068565 0.930286 0.001149
0.169955 0.818387 0.011658
0.777485 0.001393 0.221122
0.093494 0.829729 0.076777
0.021250 0.955247 0.023503
0.017412 0.576629 0.405959
0.772298 0.226058 0.001644
0.174603 0.688323 0.137073
0.754065 0.234541 0.011394
0.964275 0.009840 0.025885
0.411563 0.570293 0.018144
0.312838 0.668928 0.018234
0.885752 0.009675 0.104572
0.302451 0.696614 0.000935
0.809291 0.025568 0.165141
0.053554 0.945969 0.000477
0.825586 0.169401 0.005013
0.919417 0.076083 0.004501
0.123592 0.870639 0.005768
0.810653 0.015064 0.174283
0.056230 0.942732 0.001038
0.561230 0.010235 0.428535
0.049207 0.687472 0.263321
0.032967 0.966801 0.000232
0.283822 0.008701 0.707477
0.375596 0.622658 0.001746
0.044288 0.955396 0.000316
0.919732 0.066645 0.013622
0.158466 0.840978 0.000556
0.050552 0.947947 0.001501
0.871456 0.043753 0.084791
0.095713 0.901305 0.002982
0.012620 0.908585 0.078796
0.001254 0.995068 0.003678
0.001942 0.967931 0.030127
0.952326 0.044828 0.002846
0.007634 0.991922 0.000444
0.236992 0.760394 0.002614
0.820581 0.169475 0.009944
0.001473 0.990910 0.007617
0.543359 0.037239 0.419402
0.157973 0.809025 0.033001
0.322305 0.344961 0.332733
0.042533 0.954780 0.002688
0.804457 0.179492 0.016050
0.928476 0.067444 0.004080
0.097272 0.852138 0.050590
0.180791 0.806638 0.012571
0.000365 0.999608 0.000027
0.578079 0.038811 0.383110
0.971952 0.013635 0.014413
0.422179 0.034472 0.543349
0.703700 0.295025 0.001276
0.005473 0.903431 0.091096
0.001184 0.998814 0.000002
0.364794 0.002799 0.632406
0.928499 0.019651 0.051849
0.022667 0.855512 0.121820
0.074249 0.911108 0.014642
0.052357 0.947209 0.000433
0.826763 0.170862 0.002375
0.891312 0.003469 0.105219
0.805867 0.191912 0.002220
0.241149 0.754346 0.004504
0.379454 0.007903 0.612644
0.118584 0.100840 0.780577
0.040260 0.913408 0.046332
0.873156 0.005383 0.121462
0.788608 0.196743 0.014649
0.824574 0.162882 0.012544
0.562520 0.404261 0.033219
0.966640 0.026819 0.006541
0.002523 0.964740 0.032737
0.700558 0.229536 0.069905
0.002224 0.997669 0.000107
0.017849 0.674670 0.307481
0.175989 0.801920 0.022091
0.431220 0.359181 0.209600
0.523803 0.007107 0.469090
0.625719 0.004637 0.369644
0.743439 0.006889 0.249671
0.323113 0.658413 0.018474
0.911034 0.048092 0.040874
0.540496 0.313500 0.146003
0.008412 0.991144 0.000444
0.194307 0.800753 0.004940
0.281835 0.714696 0.003469
0.114419 0.881491 0.004090
0.010272 0.989706 0.000023
0.049682 0.930155 0.020163
0.093807 0.873593 0.032599
0.933867 0.042557 0.023577
0.798886 0.005975 0.195139
0.853195 0.143210 0.003595
0.815307 0.183995 0.000698
0.697770 0.298338 0.003893
0.021826 0.976040 0.002134
0.027273 0.861114 0.111613
0.928725 0.008696 0.062579
0.866315 0.090417 0.043268
0.730681 0.026498 0.242821
0.018191 0.981522 0.000287
0.847507 0.124323 0.028170
0.020254 0.979499 0.000247
0.937984 0.025896 0.036120
0.116564 0.868954 0.014482
0.029323 0.517183 0.453493
0.721499 0.041306 0.237194
0.024279 0.974987 0.000734
0.001415 0.997694 0.000891
0.037489 0.812107 0.150404
0.918409 0.079915 0.001676
0.361497 0.060389 0.578114
0.020771 0.979090 0.000139
0.007369 0.957486 0.035146
0.003009 0.994115 0.002876
0.001868 0.950864 0.047268
0.907450 0.012688 0.079862
0.045361 0.953808 0.000831
0.218713 0.123165 0.658122
0.050448 0.943289 0.006262
0.966448 0.017836 0.015716
0.062973 0.929650 0.007378
0.330234 0.008628 0.661138
0.340654 0.658566 0.000781
0.298523 0.006668 0.694809
0.301187 0.659082 0.039731
0.003517 0.994389 0.002093
0.025866 0.879834 0.094300
0.484149 0.502643 0.013208
0.329302 0.661576 0.009122
0.306105 0.012988 0.680907
0.884948 0.013173 0.101879
0.240535 0.026649 0.732816
0.871288 0.084094 0.044619
0.551586 0.037555 0.410860
0.032204 0.952461 0.015335
0.028042 0.928769 0.043190
0.019912 0.972002 0.008086
0.789548 0.049933 0.160519
0.776760 0.049300 0.173940
0.746945 0.001494 0.251561
0.240517 0.755803 0.003680
0.409439 0.588976 0.001585
0.002772 0.996630 0.000598
0.788891 0.205468 0.005642
0.724061 0.008743 0.267196
0.166506 0.628630 0.204863
0.876681 0.004530 0.118789
0.123253 0.875649 0.001098
0.140103 0.730663 0.129234
0.764383 0.222716 0.012901
0.001442 0.983390 0.015168
0.213674 0.774697 0.011629
0.057495 0.941635 0.000870
0.006215 0.922856 0.070930
0.560678 0.017068 0.422254
0.060177 0.139649 0.800174
0.326309 0.022810 0.650882
0.071909 0.925555 0.002536
0.063420 0.273821 0.662759
0.001264 0.978560 0.020175
0.467518 0.495894 0.036588
0.068165 0.592903 0.338932
0.036512 0.961162 0.002326
0.871504 0.114808 0.013688
0.239841 0.728693 0.031466
0.684048 0.001839 0.314113
0.015801 0.939145 0.045054
0.056468 0.934777 0.008755
0.658102 0.281562 0.060336
0.004745 0.994688 0.000567
0.010669 0.987395 0.001937
0.082578 0.916642 0.000780
0.002292 0.992769 0.004939
0.672285 0.326734 0.000982
0.096952 0.902742 0.000306
0.797914 0.182958 0.019128
0.217346 0.696373 0.086282
0.011297 0.988448 0.000255
0.721866 0.018589 0.259545
0.186807 0.812884 0.000309
0.753887 0.038453 0.207659
0.515810 0.164578 0.319612
0.000446 0.982212 0.017342
0.557455 0.439936 0.002609
0.110975 0.887403 0.001623
0.919722 0.014343 0.065935
0.147114 0.005177 0.847709
0.846502 0.055372 0.098126
0.876811 0.010468 0.112721
0.014289 0.818710 0.167001
0.024568 0.974706 0.000727
0.008756 0.659789 0.331455
0.522045 0.009012 0.468944
0.010382 0.989401 0.000217
0.003041 0.923296 0.073663
0.149020 0.849320 0.001660
0.310354 0.687536 0.002109
0.072233 0.911087 0.016681
0.383725 0.605611 0.010664
0.566782 0.019089 0.414130
0.504620 0.025190 0.470190
0.917798 0.006701 0.075502
0.572141 0.040016 0.387843
0.022716 0.959690 0.017595
0.057178 0.939337 0.003485
0.201055 0.010186 0.788758
0.555315 0.012197 0.432488
0.632498 0.276608 0.090893
0.358393 0.363937 0.277670
0.811122 0.174807 0.014071
0.737419 0.148676 0.113905
0.002023 0.933232 0.064745
0.005812 0.871997 0.122191
0.874935 0.122440 0.002625
0.318554 0.362613 0.318833
0.007703 0.983974 0.008324
0.606465 0.088230 0.305305
0.282263 0.581697 0.136040
0.130533 0.868993 0.000474
0.138661 0.858231 0.003109
0.002618 0.896331 0.101052
0.126588 0.197205 0.676208
0.135074 0.850395 0.014531
0.454049 0.544278 0.001673
0.307811 0.690733 0.001456
0.277307 0.721175 0.001518
0.342233 0.654018 0.003748
0.899389 0.069065 0.031545
0.092477 0.846610 0.060913
0.131059 0.865614 0.003327
0.844927 0.120832 0.034241
0.934914 0.003263 0.061823
0.044949 0.918498 0.036553
0.842226 0.002743 0.155031
0.091865 0.903068 0.005067
0.782410 0.048064 0.169526
0.885659 0.081678 0.032664
0.020010 0.978788 0.001202
0.022834 0.977034 0.000132
0.655083 0.013338 0.331579
0.105393 0.892977 0.001630
0.014950 0.970897 0.014153
0.471464 0.090693 0.437843
0.013067 0.738637 0.248296
0.692976 0.305524 0.001500
0.761712 0.231299 0.006990
0.027629 0.971997 0.000373
0.382789 0.093471 0.523740
0.003530 0.974243 0.022227
0.812089 0.009819 0.178092
0.912637 0.052659 0.034704
0.945280 0.046786 0.007934
0.207329 0.676785 0.115886
0.770686 0.010277 0.219037
0.776196 0.003418 0.220387
0.765481 0.016676 0.217843
0.972793 0.007579 0.019628
0.094218 0.899742 0.006040
0.780898 0.012939 0.206163
0.155963 0.450375 0.393662
0.764146 0.172196 0.063659
0.001469 0.953345 0.045186
0.849719 0.147704 0.002577
0.751179 0.005855 0.242966
0.011882 0.987841 0.000277
0.940136 0.020240 0.039624
0.178452 0.808157 0.013391
0.035007 0.964768 0.000225
0.004187 0.995691 0.000122
0.427113 0.386374 0.186513
0.675024 0.321931 0.003045
0.724391 0.218849 0.056760
0.129852 0.721289 0.148859
0.524976 0.365508 0.109516
0.000413 0.999547 0.000039
0.007163 0.988155 0.004682
0.013090 0.951050 0.035860
0.948251 0.047711 0.004038
0.844773 0.127065 0.028163
0.026966 0.972283 0.000751
0.968327 0.013374 0.018299
0.038122 0.961630 0.000248
0.049120 0.949873 0.001007
0.031701 0.967758 0.000541
0.021857 0.778327 0.199816
0.432042 0.010437 0.557521
0.271905 0.551518 0.176576
0.411171 0.584326 0.004503
0.000349 0.998712 0.000938
0.004747 0.967865 0.027388
0.681479 0.316591 0.001930
0.070596 0.928698 0.000706
0.424638 0.028559 0.546803
0.004432 0.980543 0.015025
0.502430 0.030885 0.466685
0.074311 0.925111 0.000578
0.185621 0.704955 0.109424
0.885210 0.090387 0.024404
0.019854 0.416174 0.563973
0.446201 0.392793 0.161006
0.155733 0.781767 0.062500
0.018739 0.956266 0.024996
0.332332 0.008070 0.659598
0.015984 0.983302 0.000715
0.019089 0.893406 0.087505
0.005957 0.993173 0.000870
0.112287 0.882289 0.005424
0.513447 0.012321 0.474232
0.265324 0.583594 0.151082
0.040315 0.959390 0.000295
0.019693 0.979495 0.000811
0.865508 0.012031 0.122461
0.703384 0.039691 0.256925
0.820033 0.178061 0.001906
0.156405 0.837612 0.005983
0.771174 0.004659 0.224168
0.668217 0.316571 0.015212
0.122001 0.790466 0.087532
0.706241 0.067731 0.226028
0.455559 0.536765 0.007676
0.496709 0.185128 0.318163
0.017368 0.845902 0.136730
0.002909 0.996005 0.001086
0.834304 0.159815 0.005881
0.006312 0.993477 0.000211
0.630188 0.368418 0.001394
0.796193 0.033022 0.170785
0.519987 0.006185 0.473828
0.829895 0.004710 0.165394
0.003903 0.995963 0.000134
0.015757 0.683248 0.300995
0.686074 0.025927 0.287999
0.168572 0.830381 0.001047
0.250248 0.018131 0.731621
0.001075 0.948298 0.050627
0.011364 0.988469 0.000167
0.036414 0.955900 0.007687
0.008289 0.991556 0.000155
0.089725 0.903027 0.007247
0.486101 0.504045 0.009854
0.166908 0.657476 0.175617
0.000595 0.959762 0.039643
0.057882 0.941768 0.000350
0.649022 0.338408 0.012570
0.207858 0.780767 0.011375
0.125604 0.741459 0.132937
0.051715 0.941103 0.007182
0.077576 0.920213 0.002212
0.503987 0.290403 0.205610
0.265818 0.088651 0.645531
0.001047 0.966615 0.032338
0.384059 0.505849 0.110091
0.000996 0.983632 0.015372
0.893769 0.046274 0.059957
0.144695 0.854826 0.000479
0.490313 0.456340 0.053347
0.823776 0.161690 0.014533
0.008725 0.990877 0.000398
0.012033 0.757539 0.230428
0.368653 0.009874 0.621472
0.216085 0.781183 0.002732
0.901052 0.035387 0.063561
0.930529 0.007248 0.062223
0.314962 0.682300 0.002739
0.006645 0.992244 0.001111
0.947083 0.039493 0.013424
0.023402 0.971711 0.004887
0.659846 0.012238 0.327915
0.280078 0.645174 0.074748
0.795521 0.051120 0.153360
0.083533 0.916199 0.000268
0.137594 0.861031 0.001375
0.046667 0.952805 0.000528
0.009517 0.985764 0.004719
0.002164 0.990699 0.007136
0.192120 0.798572 0.009309
0.865939 0.120686 0.013375
0.890431 0.075435 0.034134
0.722329 0.271145 0.006526
0.468898 0.528437 0.002665
0.029046 0.970614 0.000341
0.166932 0.028172 0.804896
0.036581 0.845951 0.117468
0.637264 0.130797 0.231939
0.844894 0.112778 0.042328
0.674806 0.306095 0.019098
0.880477 0.023001 0.096521
0.012345 0.596133 0.391522
0.749113 0.130248 0.120639
0.654752 0.343329 0.001919
0.845353 0.005467 0.149180
0.224222 0.007203 0.768575
0.155412 0.835174 0.009414
0.000277 0.998455 0.001268
0.353624 0.645827 0.000549
0.182660 0.655700 0.161640
